Retweets,Favorites,New_Feature,Class
27,77.0,1,1
3,43.0,1,1
19,52.0,2,1
1,66.0,1,1
21,71.0,4,1
45,22.0,2,1
22,76.0,6,1
36,43.0,1,1
6,64.0,0,1
20,14.0,1,1
56,56.0,1,-1
58,49.0,4,1
16,18.0,1,1
28,4.0,1,1
23,35.0,0,1
25,3.0,0,1
25,47.0,0,1
15,5.0,0,1
18,43.0,1,1
55,56.0,0,-1
7,23.0,1,1
23,47.0,1,1
14,50.0,4,1
2,4.0,1,1
29,23.0,1,1
6,48.0,4,1
50,50.0,1,1
21,3.0,1,1
41,42.0,1,1
46,42.0,0,1
3,6.0,1,1
37,49.0,4,1
9,34.0,5,1
8,42.0,1,1
21,3.0,1,1
15,4.0,3,1
2,4.0,1,1
7,42.0,1,1
41,46.0,1,1
30,3.0,1,1
27,17.0,1,1
43,42.0,1,1
14,7.0,1,1
13,14.0,1,1
76,57.0,1,-1
74,29.0,0,1
78,19.0,1,1
42,30.0,1,1
75,53.0,1,-1
40,12.0,1,1
50,42.0,4,1
8,9.0,1,1
50,31.0,3,1
42,21.0,2,1
27,45.0,1,1
49,48.0,1,1
43,39.0,1,1
68,48.0,1,1
70,5.0,1,1
22,17.0,0,1
50,23.0,0,1
78,59.0,1,-1
55,55.0,1,-1
40,43.0,1,1
69,2.0,1,1
66,16.0,2,1
68,25.0,2,1
73,30.0,1,1
59,17.0,0,1
72,32.0,2,1
42,10.0,1,1
48,48.0,1,1
49,4.0,2,1
16,31.0,0,1
70,25.0,1,1
60,58.0,0,-1
46,20.0,1,1
50,10.0,1,1
74,42.0,1,1
54,59.0,0,-1
34,18.0,0,1
48,41.0,3,1
44,8.0,1,1
77,42.0,2,1
55,57.0,3,-1
45,17.0,3,1
78,11.0,1,1
74,8.0,2,1
67,54.0,3,-1
73,3.0,5,-1
54,17.0,5,1
40,32.0,1,1
53,22.0,4,1
70,25.0,0,1
0,40.0,1,1
0,5.0,3,1
35,40.0,5,1
23,23.0,2,1
70,14.0,1,1
52,51.0,0,-1
30,3.0,2,1
40,10.0,2,1
2,0.0,4,1
0,0.0,2,1
0,0.0,2,1
0,2.0,4,1
0,0.0,1,1
0,0.0,1,1
0,0.0,1,1
17,0.0,1,1
0,0.0,2,1
0,0.0,1,1
1,0.0,1,1
0,0.0,2,1
14,0.0,2,1
28,37.0,3,1
39,0.0,2,1
27,0.0,1,1
0,1.0,0,1
0,0.0,1,1
29,7.0,1,1
0,0.0,1,1
14,0.0,3,1
32,0.0,4,1
5,0.0,1,1
0,0.0,1,1
41,4.0,0,1
4,16.0,5,1
0,0.0,1,1
3,11.0,3,1
26,0.0,2,1
0,0.0,1,1
20,0.0,4,1
0,0.0,0,1
0,0.0,1,1
0,0.0,0,1
1,0.0,6,1
0,0.0,1,1
0,0.0,0,1
1,0.0,3,1
0,0.0,1,1
0,0.0,1,1
0,0.0,0,1
0,0.0,1,1
14,45.0,0,1
0,0.0,1,1
8,38.0,0,1
27,11.0,1,1
0,0.0,1,1
26,1.0,1,1
0,0.0,2,1
0,0.0,2,1
0,0.0,0,1
0,0.0,5,1
29,20.0,1,1
0,0.0,4,1
0,0.0,1,1
0,0.0,1,1
1,0.0,4,1
12,23.0,1,1
0,0.0,1,1
0,0.0,1,1
2,21.0,2,1
7,9.0,3,1
25,3.0,0,1
0,0.0,0,1
1,26.0,3,1
24,13.0,2,1
0,0.0,1,1
26,5.0,0,1
15,6.0,1,1
18,34.0,4,1
0,0.0,2,1
25,4.0,1,1
0,0.0,5,1
23,47.0,1,1
43,20.0,1,1
0,0.0,1,1
26,42.0,1,1
26,42.0,6,1
45,37.0,0,1
5,2.0,1,1
61,28.0,4,1
16,17.0,1,1
5,46.0,1,1
64,35.0,4,1
16,41.0,1,1
27,39.0,1,1
64,19.0,1,1
13,47.0,5,1
54,50.0,2,1
0,0.0,1,1
37,45.0,1,1
0,0.0,1,1
0,0.0,2,1
23,10.0,6,1
0,0.0,1,1
33,4.0,1,1
0,0.0,6,1
0,0.0,1,1
0,0.0,2,1
0,0.0,5,1
0,0.0,1,1
0,0.0,2,1
0,0.0,2,1
0,0.0,1,1
0,0.0,1,1
42,0.0,1,1
0,0.0,7,1
0,0.0,1,1
0,0.0,4,1
0,0.0,1,1
1,0.0,1,1
45,0.0,1,1
8,0.0,5,1
38,0.0,4,1
0,0.0,1,1
30,0.0,1,1
0,0.0,3,1
0,0.0,5,1
0,0.0,1,1
0,0.0,0,1
0,0.0,1,1
0,42.0,2,1
0,0.0,0,1
1,0.0,8,1
0,24.0,1,1
0,21.0,0,1
0,38.0,0,1
0,13.0,5,1
0,30.0,1,1
0,0.0,6,1
36,32.0,1,1
0,0.0,2,1
2,0.0,1,1
0,0.0,2,1
0,0.0,1,1
0,0.0,1,1
25,30.0,1,1
0,0.0,1,1
19,27.0,5,1
8,9.0,0,1
32,36.0,0,1
16,1.0,2,1
0,0.0,0,1
18,48.0,2,1
0,0.0,2,1
27,19.0,0,1
0,0.0,3,1
0,10.0,1,1
0,31.0,1,1
0,4.0,4,1
0,0.0,0,1
0,0.0,1,1
40,33.0,1,1
25,0.0,2,1
12,0.0,0,1
14,31.0,7,1
0,0.0,1,1
22,0.0,1,1
0,40.0,2,1
10,20.0,0,1
23,49.0,1,1
0,23.0,7,1
0,0.0,2,1
0,31.0,4,1
0,25.0,0,1
0,0.0,0,1
0,1.0,2,1
16,0.0,4,1
17,0.0,1,1
15,0.0,1,1
22,0.0,1,1
0,30.0,5,1
0,9.0,2,1
67,65.0,2,-1
46,19.0,1,1
28,0.0,1,1
0,0.0,4,1
4,4.0,1,1
28,50.0,1,1
8,42.0,0,1
52,9.0,1,1
12,22.0,5,1
63,44.0,0,1
44,2.0,1,1
65,16.0,1,1
21,9.0,6,1
85,53.0,1,1
54,39.0,10,1
24,51.0,5,1
35,25.0,1,1
84,15.0,1,1
32,22.0,7,1
48,3.0,2,1
62,43.0,5,1
33,13.0,2,1
26,17.0,1,1
22,20.0,2,1
78,23.0,2,1
55,51.0,2,1
46,14.0,1,1
52,40.0,2,1
68,5.0,0,1
42,9.0,1,1
36,24.0,6,1
51,51.0,2,1
61,21.0,9,1
31,26.0,5,1
64,3.0,6,1
27,34.0,0,1
75,53.0,2,1
75,10.0,1,1
81,16.0,5,1
62,9.0,1,1
80,7.0,4,1
60,36.0,1,1
35,16.0,7,1
46,28.0,4,1
49,55.0,4,1
77,27.0,4,1
23,27.0,1,1
71,28.0,0,1
33,8.0,8,1
33,46.0,1,1
58,17.0,5,1
40,2.0,3,1
37,32.0,6,1
36,52.0,5,1
14,69.0,0,1
38,38.0,5,1
63,15.0,3,1
3,28.0,1,1
64,40.0,7,1
54,22.0,1,1
34,33.0,6,1
37,20.0,1,1
71,49.0,1,1
57,13.0,5,1
49,67.0,1,1
73,55.0,1,1
37,17.0,7,1
38,55.0,0,1
65,3.0,2,1
12,48.0,6,1
75,20.0,2,1
68,54.0,6,1
35,33.0,1,1
60,64.0,8,1
28,52.0,4,1
5,64.0,2,1
28,49.0,1,1
73,28.0,1,1
29,24.0,1,1
61,2.0,2,1
2,27.0,1,1
35,37.0,1,1
52,69.0,2,1
22,66.0,1,1
28,64.0,2,1
69,1.0,1,1
11,3.0,0,1
6,19.0,3,1
27,49.0,7,1
51,62.0,1,1
75,61.0,0,1
9,25.0,4,1
56,6.0,2,1
55,20.0,7,1
0,3.0,2,1
26,32.0,3,1
50,57.0,0,-1
69,68.0,1,1
15,0.0,1,1
0,0.0,1,1
1,0.0,2,1
0,9.0,2,1
0,40.0,1,1
48,0.0,3,1
14,0.0,10,1
0,0.0,2,1
0,10.0,1,1
13,0.0,0,1
0,0.0,2,1
8,0.0,1,1
0,0.0,4,1
0,0.0,2,1
29,48.0,2,1
31,24.0,2,1
25,35.0,1,1
46,42.0,1,1
36,40.0,0,1
0,0.0,2,1
0,0.0,2,1
16,34.0,1,1
0,0.0,2,1
39,4.0,2,1
0,0.0,1,1
0,0.0,0,1
74,83.0,4,-1
0,0.0,2,1
0,0.0,2,1
0,0.0,7,1
0,0.0,2,1
0,0.0,1,1
28,7.0,4,1
0,0.0,8,1
49,15.0,0,1
35,30.0,2,1
0,0.0,1,1
25,20.0,4,1
5,3.0,2,1
16,17.0,1,1
0,0.0,2,1
23,1.0,1,1
1,0.0,5,1
0,0.0,0,1
0,0.0,1,1
0,0.0,1,1
0,0.0,0,1
0,25.0,1,1
0,0.0,2,1
0,33.0,6,1
0,0.0,1,1
0,0.0,1,1
0,0.0,2,1
3,0.0,1,1
0,14.0,3,1
0,43.0,2,1
16,0.0,1,1
50,0.0,2,1
0,0.0,2,1
0,0.0,1,1
30,0.0,2,1
20,0.0,1,1
0,0.0,1,1
0,0.0,5,1
0,0.0,1,1
0,0.0,1,1
0,0.0,2,1
66,100.0,5,-1
91,68.0,5,-1
0,0.0,0,1
89,63.0,4,-1
0,0.0,1,1
0,0.0,0,1
87,85.0,4,-1
69,81.0,4,-1
97,63.0,4,-1
87,79.0,1,-1
0,0.0,1,1
21,9.0,0,1
4,40.0,1,1
43,44.0,2,1
45,34.0,0,1
16,20.0,0,1
49,20.0,1,1
18,1.0,0,1
32,9.0,1,1
25,39.0,8,-1
11,29.0,5,-1
4,1.0,1,1
68,62.0,1,-1
65,76.0,1,-1
6,5.0,3,1
11,22.0,1,1
36,46.0,1,1
5,23.0,1,1
41,0.0,1,1
64,51.0,0,-1
76,34.0,0,1
41,8.0,1,1
38,34.0,0,1
50,41.0,1,1
57,44.0,0,1
54,44.0,0,1
72,2.0,2,1
19,5.0,0,1
21,6.0,0,1
30,37.0,4,1
5,23.0,0,1
66,11.0,0,1
24,12.0,1,1
49,55.0,0,-1
6,18.0,2,1
60,52.0,3,-1
19,22.0,2,1
77,42.0,0,1
52,77.0,1,-1
42,11.0,1,1
14,22.0,0,1
66,29.0,0,1
17,39.0,0,1
5,5.0,5,1
57,62.0,1,-1
54,7.0,4,1
65,66.0,1,-1
27,44.0,1,1
5,33.0,2,1
57,58.0,0,-1
69,55.0,1,-1
44,22.0,1,1
64,47.0,1,1
66,57.0,0,-1
25,45.0,1,1
6,14.0,0,1
80,41.0,0,1
79,38.0,0,1
34,33.0,1,1
58,75.0,0,-1
62,66.0,2,-1
57,78.0,1,-1
67,21.0,0,1
56,62.0,2,-1
63,85.0,1,-1
74,39.0,3,1
59,40.0,0,1
51,37.0,1,1
27,13.0,4,1
51,74.0,1,-1
22,33.0,1,1
13,37.0,5,1
60,27.0,0,1
58,73.0,2,-1
7,10.0,0,1
45,55.0,1,-1
67,49.0,1,1
50,32.0,0,1
55,22.0,0,1
0,43.0,0,1
68,54.0,1,-1
6,26.0,1,1
3,29.0,1,1
36,36.0,0,1
68,31.0,1,1
24,25.0,1,1
39,21.0,1,1
47,24.0,1,1
34,33.0,0,1
56,14.0,1,1
26,13.0,0,1
15,42.0,0,1
70,45.0,0,1
32,50.0,0,1
46,48.0,0,1
73,81.0,3,-1
55,4.0,2,1
31,27.0,0,1
69,51.0,1,-1
10,25.0,0,1
10,21.0,0,1
50,60.0,5,1
23,28.0,1,1
120,7.0,1,1
0,0.0,0,1
65,63.0,1,-1
38,0.0,4,1
7,23.0,3,1
14,0.0,0,1
37,0.0,5,1
45,0.0,0,1
91,109.0,2,-1
52,0.0,1,1
0,0.0,1,1
0,0.0,1,1
0,0.0,1,1
91,50.0,10,-1
0,0.0,2,1
0,0.0,1,1
0,0.0,1,1
0,0.0,1,1
61,58.0,4,-1
0,0.0,2,1
0,0.0,0,1
1,0.0,5,1
1,0.0,6,1
0,0.0,1,1
0,0.0,0,1
0,0.0,2,1
0,0.0,4,1
1,10.0,2,1
52,33.0,2,1
0,0.0,1,1
26,8.0,0,1
2,0.0,0,1
0,0.0,5,1
39,12.0,2,1
14,0.0,1,1
0,0.0,0,1
43,0.0,0,1
0,0.0,1,1
22,0.0,1,1
0,0.0,5,1
0,0.0,1,1
58,71.0,5,-1
0,0.0,1,1
82,94.0,3,-1
0,0.0,1,1
0,0.0,1,1
0,0.0,1,1
0,0.0,0,1
0,0.0,1,1
13,33.0,1,1
0,0.0,1,1
106,106.0,4,-1
0,0.0,1,1
0,0.0,1,1
0,0.0,0,1
52,28.0,1,1
14,17.0,0,1
58,37.0,1,1
19,4.0,0,1
27,47.0,1,1
0,49.0,1,1
78,51.0,10,-1
0,46.0,0,1
0,36.0,1,1
0,23.0,2,1
0,32.0,1,1
96,65.0,4,-1
0,47.0,1,1
0,22.0,1,1
0,27.0,1,1
61,93.0,5,-1
60,0.0,1,1
58,57.0,4,-1
50,0.0,1,1
74,79.0,8,-1
85,72.0,6,-1
55,0.0,5,1
39,0.0,1,1
77,88.0,4,-1
0,0.0,1,1
0,20.0,1,1
39,28.0,2,1
0,0.0,1,1
12,28.0,0,1
21,0.0,1,1
0,0.0,1,1
103,86.0,10,-1
69,60.0,8,-1
92,57.0,2,-1
55,65.0,10,-1
58,51.0,4,-1
11,8.0,0,1
33,20.0,1,1
50,4.0,1,1
45,9.0,1,1
2,40.0,1,1
7,19.0,1,1
29,37.0,2,1
20,1.0,1,1
16,43.0,1,1
40,29.0,1,1
44,45.0,4,1
42,15.0,1,1
38,25.0,2,1
44,38.0,3,1
15,12.0,2,1
22,27.0,2,1
6,13.0,1,1
7,2.0,0,1
25,18.0,8,1
46,3.0,1,1
5,29.0,2,1
62,41.0,2,-1
24,15.0,2,1
20,5.0,1,1
8,9.0,2,1
33,18.0,3,1
36,6.0,2,1
2,44.0,2,1
24,39.0,5,1
34,28.0,4,1
38,30.0,2,1
13,10.0,5,1
43,41.0,3,1
8,14.0,3,1
17,16.0,2,1
14,24.0,0,1
14,30.0,2,1
4,5.0,1,1
18,11.0,1,1
37,46.0,1,1
15,7.0,1,1
8,40.0,2,1
41,26.0,2,1
42,62.0,2,-1
4,40.0,2,1
15,47.0,2,1
0,30.0,1,1
37,36.0,1,1
40,1.0,2,1
11,31.0,3,1
4,38.0,2,1
32,46.0,1,1
45,10.0,1,1
39,9.0,1,1
36,14.0,2,1
33,22.0,1,1
21,32.0,4,1
14,23.0,4,1
6,6.0,4,1
5,43.0,4,1
44,16.0,4,1
11,19.0,4,1
24,0.0,4,1
46,7.0,2,1
34,2.0,4,1
33,15.0,4,1
34,40.0,4,1
25,0.0,4,1
4,30.0,2,1
32,19.0,0,1
14,41.0,1,1
1,0.0,2,1
23,44.0,3,1
30,15.0,1,1
23,11.0,3,1
38,11.0,0,1
17,1.0,2,1
13,12.0,1,1
20,7.0,2,1
30,31.0,1,1
36,37.0,2,1
11,47.0,1,1
36,19.0,1,1
15,34.0,1,1
4,5.0,3,1
7,2.0,1,1
24,31.0,2,1
29,15.0,2,1
28,33.0,1,1
16,4.0,1,1
38,46.0,3,1
44,36.0,1,1
2,22.0,2,1
14,8.0,2,1
55,20.0,2,1
29,37.0,1,1
30,11.0,1,1
21,15.0,0,1
28,35.0,2,1
25,18.0,0,1
28,37.0,1,1
45,8.0,2,1
0,29.0,4,1
15,31.0,5,1
5,35.0,0,1
22,12.0,0,1
4,2.0,1,1
5,21.0,0,1
24,16.0,0,1
18,23.0,1,1
0,45.0,0,1
26,19.0,3,1
42,39.0,1,1
17,9.0,1,1
3,26.0,0,1
0,0.0,1,1
0,14.0,3,1
15,15.0,2,1
48,32.0,1,1
43,23.0,1,1
23,25.0,2,1
25,43.0,1,1
7,5.0,1,1
0,35.0,3,1
35,0.0,0,1
27,4.0,2,1
43,40.0,0,1
23,4.0,1,1
33,0.0,1,1
27,0.0,0,1
45,22.0,1,1
37,0.0,3,1
29,28.0,4,1
10,35.0,0,1
15,16.0,1,1
36,17.0,0,1
0,0.0,1,1
0,0.0,0,1
39,28.0,3,1
0,0.0,2,1
0,0.0,3,1
0,0.0,1,1
0,0.0,4,1
16,1.0,0,1
0,0.0,1,1
0,23.0,3,1
0,0.0,0,1
0,0.0,2,1
0,0.0,1,1
5,12.0,1,1
0,0.0,3,1
12,21.0,0,1
15,20.0,3,1
0,0.0,1,1
10,10.0,0,1
0,0.0,0,1
21,0.0,0,1
1,0.0,2,1
1,57.0,0,1
30,44.0,3,1
10,47.0,0,1
36,46.0,2,1
26,51.0,1,1
9,75.0,2,1
47,54.0,1,1
60,53.0,1,1
39,43.0,1,1
29,56.0,3,1
3,55.0,0,1
53,65.0,1,1
31,50.0,1,1
12,66.0,2,1
35,14.0,2,1
5,15.0,5,1
2,41.0,1,1
56,47.0,5,1
57,68.0,1,-1
78,75.0,1,-1
17,42.0,1,1
31,16.0,1,1
2,21.0,1,1
27,42.0,4,1
39,48.0,2,1
57,57.0,1,-1
15,3.0,1,1
43,8.0,0,1
17,45.0,2,1
18,23.0,2,1
45,12.0,1,1
6,23.0,1,1
0,23.0,1,1
56,63.0,0,-1
36,15.0,3,1
54,53.0,1,-1
67,78.0,2,-1
57,42.0,1,1
55,77.0,1,-1
78,56.0,2,-1
78,61.0,1,-1
8,9.0,1,1
17,4.0,2,1
15,37.0,2,1
18,23.0,1,1
8,34.0,1,1
51,74.0,2,-1
5,5.0,1,1
53,12.0,1,1
44,4.0,4,1
55,1.0,4,1
59,5.0,0,1
47,21.0,2,1
42,21.0,2,1
53,43.0,2,1
51,27.0,1,1
55,27.0,2,1
41,6.0,1,1
76,37.0,1,1
71,12.0,1,1
53,6.0,1,1
50,17.0,0,1
67,35.0,1,1
77,50.0,2,1
66,10.0,1,1
75,33.0,1,1
61,24.0,1,1
14,3.0,0,1
76,15.0,1,1
57,14.0,0,1
73,1.0,0,1
46,7.0,1,1
58,5.0,1,1
45,46.0,1,-1
59,35.0,2,1
61,33.0,5,1
60,3.0,1,1
79,23.0,3,1
65,34.0,3,1
42,23.0,3,1
78,46.0,1,1
72,47.0,1,1
73,35.0,1,1
66,55.0,0,-1
48,15.0,1,1
77,13.0,0,1
49,35.0,1,1
77,39.0,5,-1
66,41.0,0,1
68,57.0,1,-1
40,46.0,0,1
53,16.0,1,1
0,32.0,2,1
0,0.0,1,1
0,16.0,1,1
1,13.0,2,1
0,25.0,1,1
0,23.0,1,1
0,0.0,1,1
0,0.0,1,1
0,0.0,1,1
0,0.0,0,1
0,0.0,1,1
0,0.0,0,1
21,0.0,2,1
32,0.0,2,1
35,0.0,2,1
0,0.0,1,1
0,0.0,1,1
0,0.0,1,1
0,0.0,4,1
0,0.0,1,1
0,0.0,0,1
31,43.0,5,1
5,13.0,1,1
11,0.0,1,1
18,44.0,1,1
0,0.0,0,1
0,0.0,0,1
0,0.0,2,1
18,0.0,1,1
0,0.0,2,1
43,0.0,2,1
9,0.0,2,1
19,0.0,1,1
0,0.0,1,1
0,0.0,1,1
0,0.0,3,1
0,0.0,0,1
0,0.0,1,1
0,0.0,2,1
0,0.0,3,1
1,0.0,0,1
0,0.0,1,1
0,0.0,1,1
1,0.0,4,1
0,0.0,1,1
0,0.0,1,1
0,0.0,1,1
0,0.0,1,1
0,0.0,1,1
0,0.0,0,1
0,0.0,3,1
0,0.0,1,1
0,0.0,2,1
43,27.0,0,1
35,35.0,4,1
22,19.0,1,1
34,26.0,1,1
6,33.0,2,1
0,0.0,1,1
0,0.0,1,1
0,0.0,1,1
0,0.0,1,1
0,0.0,0,1
29,25.0,1,1
0,0.0,1,1
11,27.0,1,1
23,12.0,1,1
20,29.0,1,1
33,6.0,1,1
27,19.0,3,1
35,4.0,0,1
25,38.0,1,1
28,22.0,1,1
2,29.0,2,1
13,21.0,1,1
0,0.0,1,1
0,0.0,1,1
20,31.0,1,1
1,0.0,0,1
11,15.0,0,1
35,10.0,1,1
42,1.0,1,1
0,0.0,1,1
0,0.0,1,1
0,0.0,1,1
4,0.0,1,1
67,10.0,1,1
1,23.0,1,1
35,23.0,0,1
22,32.0,1,1
18,3.0,6,1
56,70.0,0,-1
60,56.0,1,-1
50,54.0,2,-1
47,23.0,1,1
68,1.0,3,1
40,44.0,1,1
31,30.0,0,1
42,26.0,1,1
25,34.0,0,1
50,14.0,2,1
0,0.0,1,1
0,0.0,2,1
0,0.0,1,1
0,0.0,1,1
0,0.0,1,1
0,0.0,1,1
0,0.0,1,1
0,0.0,2,1
0,0.0,0,1
0,0.0,1,1
0,0.0,1,1
0,0.0,0,1
0,0.0,1,1
0,0.0,1,1
0,0.0,2,1
0,0.0,1,1
0,0.0,1,1
0,0.0,0,1
0,0.0,1,1
50,0.0,1,1
18,0.0,0,1
33,0.0,2,1
48,0.0,1,1
0,0.0,2,1
0,0.0,8,1
0,0.0,0,1
0,0.0,1,1
0,0.0,1,1
0,0.0,1,1
1,0.0,0,1
0,0.0,4,1
0,0.0,1,1
0,17.0,3,1
0,12.0,1,1
0,37.0,1,1
95,74.0,1,-1
70,72.0,0,-1
0,0.0,1,1
6,36.0,1,1
45,49.0,1,1
18,17.0,1,1
4,42.0,1,1
27,28.0,1,1
0,0.0,0,1
0,0.0,0,1
0,0.0,1,1
0,0.0,2,1
0,0.0,1,1
0,0.0,1,1
0,0.0,2,1
26,17.0,0,1
17,18.0,1,1
5,20.0,0,1
28,27.0,2,1
0,0.0,4,1
1,0.0,1,1
0,0.0,2,1
0,0.0,1,1
0,28.0,1,1
0,16.0,1,1
0,47.0,1,1
0,39.0,1,1
4,36.0,1,1
32,0.0,1,1
37,0.0,1,1
43,0.0,1,1
36,0.0,1,1
6,0.0,0,1
11,0.0,0,1
0,5.0,0,1
0,32.0,0,1
8,37.0,1,1
38,2.0,1,1
11,39.0,1,1
13,0.0,0,1
1,0.0,2,1
0,0.0,1,1
0,0.0,2,1
0,0.0,1,1
0,0.0,1,1
0,50.0,1,1
0,44.0,0,1
0,43.0,1,1
0,39.0,1,1
0,34.0,0,1
5,0.0,1,1
7,0.0,2,1
45,0.0,1,1
43,0.0,0,1
36,0.0,3,1
0,0.0,1,1
0,0.0,0,1
5,20.0,1,1
36,33.0,1,1
27,43.0,1,1
20,0.0,1,1
23,40.0,7,1
63,55.0,1,1
43,52.0,2,1
72,46.0,1,1
58,30.0,1,1
59,20.0,1,1
28,2.0,3,1
35,8.0,2,1
62,23.0,1,1
58,18.0,4,1
67,27.0,1,1
24,14.0,1,1
31,50.0,1,1
24,32.0,7,1
20,25.0,0,1
49,26.0,1,1
22,27.0,2,1
80,39.0,1,1
56,16.0,0,1
73,47.0,1,1
58,6.0,0,1
22,4.0,4,1
77,3.0,3,1
73,11.0,1,1
31,34.0,2,1
64,53.0,2,1
25,39.0,1,1
40,46.0,3,1
76,47.0,1,1
39,31.0,2,1
60,41.0,2,1
64,35.0,1,1
37,34.0,1,1
74,26.0,1,1
68,35.0,1,1
71,22.0,1,1
62,27.0,1,1
54,52.0,5,1
34,44.0,0,1
45,13.0,2,1
53,12.0,4,1
52,39.0,1,1
22,27.0,3,1
74,31.0,0,1
84,55.0,1,1
82,12.0,1,1
32,29.0,2,1
3,0.0,1,1
24,73.0,1,1
52,25.0,1,1
52,70.0,3,1
16,21.0,1,1
63,13.0,1,1
49,1.0,1,1
71,52.0,10,-1
29,59.0,1,1
1,29.0,1,1
21,49.0,1,1
33,25.0,0,1
61,28.0,3,1
71,71.0,1,1
24,50.0,2,1
61,42.0,1,1
47,60.0,1,1
71,68.0,2,1
58,13.0,0,1
65,75.0,3,1
49,16.0,1,1
40,48.0,1,1
8,29.0,0,1
41,7.0,1,1
22,65.0,4,1
68,55.0,0,1
34,46.0,5,1
32,21.0,1,1
22,24.0,6,1
18,23.0,1,1
23,0.0,1,1
27,37.0,1,1
70,30.0,1,1
68,19.0,2,1
18,16.0,3,1
37,20.0,1,1
63,54.0,1,1
15,9.0,5,1
74,20.0,1,1
11,24.0,2,1
59,24.0,1,1
51,14.0,1,1
66,33.0,3,-1
70,15.0,1,1
32,71.0,1,1
58,52.0,1,1
38,47.0,1,1
26,68.0,4,1
61,15.0,1,1
55,33.0,0,1
15,68.0,1,1
0,0.0,1,1
0,0.0,1,1
0,3.0,3,1
0,27.0,1,1
0,14.0,0,1
5,0.0,1,1
31,0.0,3,1
43,0.0,1,1
46,0.0,0,1
29,0.0,1,1
0,0.0,1,1
0,1.0,3,1
0,0.0,2,1
1,0.0,0,1
0,0.0,0,1
0,0.0,1,1
10,21.0,0,1
0,27.0,1,1
20,37.0,1,1
33,26.0,1,1
22,23.0,3,1
6,40.0,1,1
25,3.0,1,1
27,0.0,1,1
4,30.0,2,1
0,0.0,6,1
2,0.0,3,1
0,0.0,1,1
1,0.0,0,1
0,0.0,1,1
0,0.0,1,1
0,0.0,2,1
0,0.0,4,1
0,0.0,1,1
0,0.0,1,1
0,0.0,1,1
14,49.0,2,1
0,0.0,4,1
51,51.0,2,-1
29,21.0,0,1
34,28.0,2,1
26,34.0,1,1
66,29.0,1,1
0,0.0,3,1
0,0.0,1,1
0,0.0,2,1
0,0.0,1,1
0,0.0,1,1
0,0.0,1,1
0,0.0,1,1
1,0.0,2,1
0,0.0,1,1
0,0.0,1,1
0,40.0,1,1
0,18.0,2,1
0,21.0,1,1
0,24.0,1,1
0,34.0,1,1
0,41.0,1,1
0,0.0,2,1
15,0.0,1,1
23,0.0,1,1
25,0.0,1,1
17,0.0,2,1
0,0.0,1,1
0,0.0,4,1
0,0.0,2,1
0,0.0,12,1
0,0.0,4,1
0,0.0,1,1
0,0.0,1,1
64,61.0,3,-1
2,0.0,0,1
77,66.0,4,-1
93,86.0,4,-1
0,0.0,1,1
99,85.0,4,-1
60,96.0,4,-1
0,0.0,2,1
93,96.0,3,-1
98,75.0,3,-1
0,0.0,0,1
0,0.0,0,1
0,0.0,2,1
1,18.0,1,1
11,41.0,1,1
2,15.0,1,1
60,100.0,4,-1
81,86.0,9,-1
10,24.0,4,-1
35,4.0,8,1
82,68.0,3,-1
68,91.0,8,-1
90,70.0,3,-1
46,29.0,0,1
21,13.0,1,1
11,10.0,0,1
39,50.0,0,1
48,19.0,1,1
14,4.0,1,1
25,23.0,1,1
35,8.0,1,1
5,12.0,0,1
67,53.0,3,-1
4,40.0,1,1
20,3.0,1,1
12,28.0,3,1
60,24.0,1,1
31,15.0,2,1
21,14.0,2,1
77,36.0,1,1
58,13.0,0,1
20,18.0,1,1
63,64.0,1,-1
26,34.0,5,1
63,68.0,2,-1
14,14.0,1,1
56,80.0,0,-1
2,2.0,2,1
49,1.0,0,1
70,66.0,0,-1
19,38.0,0,1
55,31.0,1,1
27,24.0,0,1
78,2.0,1,1
59,3.0,1,1
37,21.0,2,1
33,33.0,1,1
55,32.0,0,1
7,22.0,0,-1
58,32.0,0,1
29,31.0,1,1
76,76.0,1,-1
8,20.0,0,-1
22,50.0,4,1
32,35.0,1,1
56,72.0,1,-1
79,72.0,0,-1
56,77.0,0,-1
45,33.0,1,1
12,29.0,1,1
6,10.0,1,1
41,8.0,0,1
1,43.0,0,1
59,54.0,2,-1
71,52.0,0,-1
45,28.0,1,1
49,20.0,0,1
89,67.0,1,-1
52,14.0,3,1
2,18.0,1,1
59,19.0,1,1
71,57.0,1,-1
22,25.0,0,1
2,35.0,0,1
4,14.0,1,1
73,60.0,0,-1
0,33.0,1,1
27,28.0,1,1
74,11.0,0,1
21,34.0,1,1
22,3.0,0,1
6,22.0,0,1
78,2.0,1,1
57,28.0,0,1
45,49.0,2,1
62,57.0,4,-1
14,15.0,1,1
26,39.0,2,1
3,27.0,0,1
5,25.0,1,1
23,19.0,2,1
25,14.0,0,1
31,27.0,0,1
51,72.0,0,-1
65,52.0,1,-1
32,47.0,0,1
71,11.0,0,1
16,20.0,0,1
45,12.0,0,1
31,29.0,1,1
77,43.0,0,1
3,32.0,3,1
18,36.0,1,1
45,45.0,3,1
34,32.0,1,1
111,54.0,1,-1
68,12.0,0,1
109,16.0,1,1
22,22.0,1,1
59,93.0,0,-1
29,20.0,1,1
0,0.0,1,1
8,1.0,2,1
0,0.0,2,1
16,0.0,0,1
60,0.0,1,1
11,0.0,1,1
81,92.0,3,-1
90,67.0,1,-1
30,0.0,3,1
0,0.0,1,1
0,0.0,1,1
0,0.0,3,1
0,0.0,0,1
0,0.0,0,1
0,0.0,1,1
0,0.0,1,1
0,0.0,1,1
89,53.0,8,-1
0,0.0,2,1
53,55.0,5,-1
60,100.0,5,-1
0,0.0,1,1
0,0.0,1,1
0,0.0,0,1
0,0.0,4,1
0,0.0,1,1
0,0.0,3,1
51,22.0,0,1
96,98.0,4,-1
46,42.0,0,1
34,13.0,1,1
54,60.0,2,-1
2,34.0,1,1
11,49.0,0,1
50,17.0,1,1
0,0.0,2,1
0,0.0,1,1
32,0.0,1,1
49,0.0,1,1
46,0.0,3,1
38,0.0,4,1
23,0.0,1,1
48,0.0,1,1
47,0.0,4,-1
0,0.0,1,1
67,101.0,4,-1
0,0.0,1,1
58,105.0,3,-1
0,0.0,1,1
0,0.0,0,1
73,64.0,3,-1
0,0.0,1,1
0,0.0,0,1
0,0.0,1,1
101,68.0,4,-1
0,0.0,1,1
0,0.0,1,1
0,0.0,1,1
48,16.0,0,1
99,86.0,6,-1
57,96.0,3,-1
20,29.0,1,1
24,47.0,1,1
0,13.0,2,1
0,4.0,1,1
94,62.0,4,-1
59,58.0,4,-1
0,42.0,1,1
1,17.0,1,1
0,2.0,1,1
1,0.0,2,1
23,0.0,3,1
56,0.0,2,1
16,0.0,1,1
27,0.0,0,1
59,0.0,1,1
54,83.0,3,-1
0,0.0,1,1
20,0.0,5,1
8,0.0,1,1
85,106.0,5,-1
49,50.0,3,1
0,0.0,1,1
0,0.0,1,1
97,97.0,4,-1
28,18.0,1,1
14,8.0,2,1
5,44.0,1,1
56,46.0,1,1
42,32.0,1,1
67,90.0,3,-1
26,2.0,2,1
25,44.0,1,1
10,44.0,2,1
38,36.0,1,1
14,6.0,1,1
34,24.0,1,1
9,23.0,2,1
7,24.0,0,1
11,26.0,2,1
33,14.0,0,1
23,46.0,2,1
14,44.0,4,1
46,23.0,1,1
33,38.0,2,1
10,40.0,2,1
24,47.0,2,1
4,24.0,1,1
29,41.0,3,1
41,20.0,6,1
45,7.0,2,1
44,7.0,1,1
5,42.0,2,1
5,12.0,2,1
20,7.0,1,1
20,17.0,2,1
0,26.0,2,1
13,26.0,2,1
29,40.0,2,1
46,28.0,2,1
13,14.0,2,1
12,20.0,3,1
7,31.0,1,1
6,36.0,2,1
1,15.0,1,1
12,14.0,2,1
41,10.0,3,1
60,77.0,2,-1
44,30.0,2,1
30,12.0,2,1
10,24.0,1,1
34,28.0,1,1
34,26.0,2,1
24,36.0,2,1
37,47.0,1,1
19,46.0,2,1
14,35.0,2,1
27,11.0,1,1
33,33.0,1,1
35,17.0,0,1
15,18.0,2,1
17,36.0,2,1
26,14.0,2,1
35,33.0,1,1
34,22.0,1,1
36,27.0,3,1
45,0.0,6,1
36,4.0,1,1
20,35.0,2,1
46,0.0,2,1
17,24.0,2,1
46,33.0,1,1
23,29.0,1,1
3,30.0,2,1
15,41.0,2,1
33,9.0,2,1
44,10.0,3,1
46,23.0,1,1
17,16.0,1,1
37,17.0,2,1
44,31.0,1,1
14,26.0,2,1
31,44.0,1,1
31,37.0,2,1
28,47.0,3,1
26,40.0,4,1
37,15.0,1,1
6,5.0,2,1
35,30.0,4,1
22,19.0,3,1
34,38.0,2,1
37,38.0,2,1
33,1.0,3,1
41,18.0,3,1
5,62.0,3,-1
46,84.0,2,-1
43,3.0,1,1
45,0.0,2,1
44,24.0,1,1
2,47.0,1,1
9,19.0,2,1
22,12.0,1,1
36,41.0,5,1
21,16.0,1,1
42,42.0,0,1
9,3.0,0,1
19,8.0,1,1
17,11.0,2,1
31,22.0,1,1
16,26.0,3,1
20,43.0,5,1
15,13.0,2,1
14,13.0,1,1
34,46.0,3,1
34,20.0,1,1
15,46.0,1,1
29,10.0,2,1
26,18.0,2,1
25,27.0,2,1
16,25.0,2,1
6,19.0,4,1
3,34.0,4,1
7,12.0,1,1
36,19.0,1,1
42,4.0,4,1
34,4.0,2,1
28,38.0,2,1
4,31.0,0,1
8,23.0,1,1
28,36.0,3,1
37,28.0,0,1
25,17.0,1,1
1,14.0,1,1
0,3.0,0,1
47,10.0,0,1
31,28.0,3,1
5,21.0,0,1
29,37.0,0,1
1,17.0,0,1
18,9.0,4,1
24,21.0,0,1
34,3.0,4,1
14,20.0,1,1
0,0.0,2,1
21,29.0,3,1
43,47.0,1,1
0,0.0,0,1
0,0.0,1,1
1,0.0,2,1
16,43.0,1,1
18,18.0,2,1
23,12.0,1,1
12,39.0,3,1
11,6.0,0,1
31,30.0,1,1
31,13.0,1,1
17,10.0,2,1
0,9.0,0,1
11,23.0,2,1
21,25.0,1,1
3,6.0,1,1
45,10.0,1,1
45,30.0,1,1
0,29.0,1,1
12,13.0,0,1
0,0.0,0,1
6,2.0,0,1
25,18.0,2,1
70,52.0,0,-1
22,17.0,2,1
0,0.0,1,1
28,39.0,1,1
0,0.0,0,1
0,0.0,0,1
0,0.0,2,1
0,0.0,0,1
0,0.0,0,1
1,1.0,2,1
0,0.0,0,1
0,1.0,2,1
0,0.0,0,1
3,1.0,6,1
16,6.0,1,1
0,5.0,0,1
0,0.0,0,1
0,0.0,3,1
66,45.0,0,-1
0,0.0,1,1
10,5.0,0,1
0,0.0,1,1
36,16.0,2,1
4,10.0,2,1
48,20.0,6,1
15,49.0,1,1
46,54.0,0,1
3,42.0,3,1
48,59.0,0,1
5,71.0,1,1
4,55.0,3,1
17,55.0,2,1
26,57.0,1,1
49,74.0,1,1
43,48.0,0,1
41,65.0,1,1
47,67.0,1,1
51,58.0,2,1
29,61.0,1,1
27,66.0,1,1
35,45.0,0,1
44,52.0,0,1
36,50.0,2,1
28,50.0,0,1
37,21.0,1,1
51,57.0,7,-1
21,34.0,1,1
56,53.0,1,-1
59,57.0,1,-1
19,5.0,1,1
27,3.0,1,1
10,6.0,1,1
50,58.0,1,-1
58,77.0,1,-1
52,53.0,1,-1
9,7.0,0,1
28,18.0,1,1
53,73.0,1,-1
56,65.0,2,-1
1,50.0,1,1
15,45.0,1,1
21,40.0,3,1
39,25.0,2,1
42,3.0,1,1
48,9.0,2,1
98,79.0,1,-1
20,42.0,2,1
28,4.0,2,1
16,48.0,2,1
48,42.0,6,1
58,54.0,6,-1
7,5.0,1,1
18,3.0,4,1
66,3.0,1,1
65,10.0,1,1
57,50.0,1,1
67,16.0,3,1
63,41.0,2,1
69,22.0,2,1
4,49.0,2,1
63,21.0,1,1
21,50.0,3,1
56,59.0,1,-1
58,30.0,3,1
63,34.0,0,1
76,58.0,2,-1
56,55.0,2,-1
72,18.0,1,1
53,47.0,1,1
56,13.0,4,1
50,22.0,5,1
74,46.0,2,1
42,22.0,1,1
67,56.0,1,-1
80,32.0,0,1
76,52.0,8,-1
59,18.0,1,1
66,2.0,1,1
66,25.0,2,1
48,6.0,4,1
58,55.0,4,-1
76,20.0,8,-1
50,28.0,3,1
45,48.0,0,1
76,35.0,1,1
60,12.0,1,1
48,46.0,0,1
71,42.0,1,1
79,28.0,1,1
56,20.0,1,1
52,54.0,2,-1
69,44.0,1,1
1,18.0,1,1
63,8.0,0,1
58,33.0,1,1
0,36.0,0,1
0,15.0,1,1
59,59.0,1,-1
66,49.0,2,1
0,0.0,1,1
42,16.0,1,1
51,49.0,1,1
71,29.0,1,1
4,33.0,2,1
0,0.0,2,1
0,0.0,1,1
0,17.0,1,1
0,0.0,2,1
0,39.0,2,1
0,0.0,2,1
0,0.0,1,1
0,0.0,0,1
0,0.0,1,1
45,0.0,0,1
24,0.0,1,1
8,0.0,0,1
3,0.0,1,1
0,0.0,2,1
0,0.0,1,1
0,0.0,1,1
0,0.0,1,1
0,0.0,2,1
9,31.0,1,1
40,38.0,1,1
19,35.0,3,1
13,30.0,1,1
0,0.0,1,1
0,0.0,1,1
0,0.0,4,1
0,0.0,2,1
0,0.0,3,1
40,0.0,1,1
10,0.0,2,1
0,0.0,1,1
3,0.0,0,1
0,0.0,2,1
0,0.0,2,1
0,0.0,1,1
0,0.0,0,1
0,0.0,1,1
0,0.0,2,1
0,0.0,1,1
0,0.0,1,1
0,0.0,2,1
0,0.0,1,1
0,0.0,1,1
1,0.0,2,1
0,0.0,1,1
0,0.0,2,1
0,0.0,2,1
0,0.0,0,1
0,0.0,1,1
0,0.0,0,1
10,13.0,1,1
32,16.0,0,1
39,10.0,0,1
0,0.0,0,1
0,0.0,0,1
14,42.0,4,1
0,0.0,0,1
0,0.0,1,1
0,0.0,4,1
19,22.0,1,1
3,18.0,0,1
1,42.0,1,1
16,32.0,4,1
10,35.0,0,1
19,9.0,1,1
32,15.0,1,1
0,0.0,1,1
33,45.0,5,1
41,33.0,4,1
37,18.0,2,1
0,0.0,1,1
14,16.0,1,1
0,0.0,0,1
2,38.0,2,1
10,14.0,1,1
0,0.0,1,1
0,0.0,0,1
0,0.0,0,1
8,2.0,1,1
32,4.0,1,1
13,12.0,1,1
46,5.0,2,1
3,1.0,4,1
44,40.0,0,1
4,23.0,1,1
69,25.0,1,1
0,0.0,2,1
20,3.0,1,1
0,29.0,1,1
0,0.0,2,1
41,3.0,0,1
7,33.0,1,1
6,2.0,2,1
0,0.0,2,1
14,50.0,1,1
0,0.0,2,1
0,0.0,2,1
0,0.0,2,1
0,0.0,2,1
0,0.0,2,1
0,0.0,2,1
0,0.0,0,1
0,0.0,1,1
0,0.0,1,1
0,0.0,0,1
0,0.0,1,1
0,0.0,2,1
0,0.0,1,1
16,0.0,0,1
36,0.0,1,1
25,0.0,4,1
4,0.0,1,1
47,0.0,0,1
0,0.0,2,1
0,0.0,2,1
0,0.0,0,1
0,0.0,0,1
0,0.0,1,1
0,16.0,1,1
0,4.0,1,1
0,29.0,1,1
0,47.0,1,1
0,0.0,1,1
0,27.0,1,1
0,0.0,1,1
0,0.0,2,1
0,0.0,0,1
0,0.0,4,1
0,0.0,0,1
0,0.0,5,1
42,20.0,2,1
0,0.0,3,1
23,22.0,1,1
0,0.0,1,1
0,0.0,3,1
0,0.0,1,1
26,3.0,2,1
15,41.0,2,1
0,0.0,0,1
0,0.0,1,1
36,6.0,1,1
15,37.0,2,1
7,3.0,1,1
41,15.0,1,1
0,8.0,0,1
0,21.0,1,1
0,0.0,0,1
0,0.0,4,1
34,0.0,1,1
44,32.0,2,1
5,17.0,0,1
0,30.0,1,1
0,25.0,0,1
27,15.0,1,1
20,0.0,3,1
6,43.0,1,1
31,34.0,1,1
0,44.0,1,1
0,50.0,1,1
28,0.0,1,1
1,0.0,4,1
0,0.0,1,1
0,0.0,1,1
0,0.0,2,1
32,0.0,1,1
46,0.0,1,1
37,10.0,3,1
0,0.0,0,1
0,41.0,1,1
0,0.0,0,1
0,4.0,1,1
10,0.0,1,1
49,0.0,6,1
23,0.0,1,1
46,0.0,1,1
0,47.0,1,1
9,0.0,1,1
0,6.0,0,1
0,21.0,2,1
0,0.0,1,1
19,0.0,1,1
6,28.0,1,1
66,39.0,1,1
13,7.0,1,1
32,26.0,2,1
64,45.0,1,1
80,47.0,0,1
28,46.0,1,1
39,16.0,2,1
49,9.0,0,1
20,1.0,0,1
35,6.0,1,1
73,2.0,1,1
83,32.0,1,1
71,3.0,0,1
63,34.0,0,1
63,45.0,1,1
85,14.0,0,1
58,5.0,2,1
32,1.0,1,1
52,1.0,1,1
59,25.0,1,1
53,20.0,0,1
62,26.0,2,1
60,32.0,1,1
81,44.0,2,1
46,3.0,2,1
70,19.0,2,1
51,19.0,2,1
78,33.0,1,1
60,20.0,1,1
24,31.0,3,1
40,28.0,2,1
66,10.0,1,1
85,30.0,1,1
32,15.0,2,1
21,24.0,1,1
26,9.0,0,1
59,51.0,2,1
80,8.0,2,1
32,32.0,1,1
80,27.0,1,1
58,5.0,3,1
27,5.0,1,1
46,1.0,3,1
29,31.0,0,1
34,42.0,1,1
37,51.0,6,1
50,42.0,1,1
24,12.0,4,1
34,36.0,1,1
23,9.0,2,1
77,31.0,0,1
36,23.0,7,1
12,6.0,1,1
73,14.0,1,1
68,20.0,1,1
72,0.0,2,1
41,71.0,1,1
18,1.0,1,1
2,37.0,1,1
7,67.0,1,1
50,67.0,1,1
37,70.0,1,1
66,46.0,1,1
58,27.0,1,1
28,29.0,1,1
10,52.0,1,1
72,70.0,3,1
8,37.0,1,1
30,62.0,1,1
27,19.0,3,1
20,4.0,2,1
37,35.0,1,1
17,65.0,1,1
20,54.0,2,1
47,18.0,2,1
2,58.0,0,1
32,0.0,1,1
44,24.0,2,1
74,5.0,1,1
33,16.0,1,1
63,39.0,1,1
37,48.0,1,1
10,20.0,1,1
2,24.0,1,1
74,31.0,2,1
21,67.0,0,1
32,12.0,1,1
3,12.0,1,1
29,26.0,1,1
4,71.0,2,1
50,1.0,1,1
30,20.0,1,1
64,2.0,2,1
27,35.0,2,1
0,0.0,1,1
62,0.0,1,1
6,38.0,1,1
43,23.0,0,1
0,0.0,1,1
67,15.0,1,1
65,52.0,1,1
70,32.0,1,1
0,26.0,1,1
0,12.0,1,1
0,5.0,1,1
25,41.0,1,1
3,4.0,2,1
35,0.0,2,1
0,0.0,1,1
0,0.0,1,1
0,0.0,0,1
0,0.0,2,1
34,0.0,2,1
28,0.0,1,1
26,14.0,2,1
23,28.0,0,1
42,8.0,2,1
11,12.0,1,1
24,31.0,1,1
4,39.0,3,1
0,0.0,1,1
32,17.0,1,1
43,49.0,1,1
0,0.0,1,1
0,0.0,1,1
0,0.0,1,1
0,0.0,0,1
0,0.0,0,1
0,0.0,1,1
0,0.0,1,1
0,0.0,1,1
1,0.0,1,1
0,0.0,2,1
50,12.0,1,1
7,24.0,0,1
1,43.0,1,1
0,0.0,1,1
22,19.0,2,1
67,40.0,0,1
10,21.0,1,1
0,0.0,2,1
0,0.0,3,1
0,11.0,1,1
0,0.0,0,1
0,0.0,0,1
0,9.0,2,1
0,8.0,1,1
0,28.0,1,1
0,0.0,2,1
32,0.0,1,1
27,0.0,2,1
21,0.0,3,1
22,0.0,3,1
29,0.0,2,1
10,0.0,1,1
42,0.0,2,1
47,0.0,1,1
92,91.0,8,-1
0,0.0,1,1
2,0.0,1,1
0,0.0,1,1
0,0.0,2,1
0,0.0,3,1
0,0.0,1,1
0,0.0,3,1
78,77.0,8,-1
61,92.0,9,-1
84,89.0,3,-1
82,75.0,9,-1
65,88.0,1,-1
79,71.0,8,-1
0,0.0,1,1
0,0.0,1,1
0,0.0,0,1
0,0.0,0,1
84,73.0,4,-1
100,66.0,1,-1
12,19.0,1,1
29,25.0,5,-1
47,30.0,0,1
26,32.0,4,-1
28,29.0,1,1
88,65.0,10,-1
80,88.0,4,-1
96,60.0,5,-1
18,35.0,9,-1
19,12.0,0,1
16,24.0,2,1
40,4.0,3,1
71,8.0,1,1
12,0.0,0,1
22,24.0,1,1
26,9.0,1,1
50,63.0,1,-1
42,4.0,1,1
57,16.0,0,1
55,77.0,2,-1
18,16.0,3,1
62,36.0,1,1
0,40.0,0,1
29,22.0,2,1
75,23.0,1,1
31,12.0,1,1
27,37.0,1,1
52,32.0,1,1
35,48.0,1,1
69,13.0,1,1
13,49.0,0,1
68,36.0,0,1
58,46.0,1,1
28,3.0,0,1
75,75.0,2,-1
40,49.0,0,1
21,13.0,2,1
43,34.0,2,1
59,79.0,2,-1
14,3.0,2,1
18,8.0,1,1
42,2.0,1,1
9,22.0,0,1
67,5.0,1,1
31,18.0,1,1
23,47.0,0,1
5,3.0,0,1
57,53.0,0,-1
6,0.0,0,1
67,32.0,1,1
41,26.0,0,1
67,6.0,0,1
47,26.0,2,1
53,20.0,0,1
65,26.0,1,1
74,41.0,4,1
32,13.0,4,1
54,73.0,1,-1
13,13.0,0,1
58,24.0,1,1
7,31.0,4,1
70,70.0,0,-1
2,33.0,0,1
58,67.0,0,-1
60,11.0,0,1
61,77.0,1,-1
78,55.0,2,-1
56,16.0,2,1
73,34.0,2,1
78,119.0,1,-1
0,45.0,2,1
4,28.0,2,1
67,73.0,2,-1
75,54.0,2,-1
37,32.0,1,1
26,14.0,2,1
52,61.0,2,-1
39,33.0,0,1
40,32.0,0,1
24,25.0,0,1
22,31.0,1,1
55,22.0,1,1
40,14.0,2,1
12,32.0,0,1
25,36.0,0,1
77,46.0,1,1
80,21.0,2,1
42,31.0,0,1
56,64.0,0,-1
80,11.0,0,1
25,36.0,1,1
20,43.0,0,1
58,41.0,0,1
44,26.0,2,-1
78,20.0,0,1
23,42.0,1,1
4,0.0,0,1
12,5.0,0,1
11,25.0,1,1
32,18.0,0,1
27,16.0,0,1
41,25.0,2,1
31,28.0,1,1
1,39.0,1,1
20,32.0,2,1
86,28.0,0,1
76,33.0,1,1
57,24.0,3,1
36,34.0,1,1
138,74.0,0,-1
39,50.0,0,1
6,21.0,0,1
24,38.0,0,1
22,31.0,0,1
31,0.0,1,1
24,37.0,0,1
0,0.0,0,1
103,86.0,1,-1
0,0.0,1,1
22,0.0,1,1
40,0.0,1,1
28,39.0,5,1
0,0.0,1,1
81,75.0,4,-1
84,71.0,1,-1
0,0.0,1,1
49,0.0,1,1
0,0.0,1,1
0,0.0,1,1
107,103.0,8,-1
0,0.0,1,1
0,0.0,1,1
0,0.0,1,1
0,0.0,1,1
104,94.0,9,-1
64,54.0,3,-1
0,0.0,1,1
0,0.0,1,1
0,0.0,1,1
0,0.0,2,1
76,87.0,1,-1
0,0.0,0,1
0,0.0,1,1
43,16.0,2,1
22,3.0,1,1
78,108.0,1,-1
29,35.0,1,1
38,23.0,2,1
54,36.0,1,1
0,0.0,1,1
24,0.0,1,1
12,0.0,1,1
57,0.0,10,1
63,81.0,9,-1
0,0.0,2,1
30,0.0,0,1
9,0.0,1,1
11,0.0,1,1
0,0.0,1,1
0,0.0,1,1
0,0.0,2,1
0,0.0,3,1
0,0.0,3,1
0,0.0,1,1
0,0.0,2,1
0,0.0,1,1
0,0.0,1,1
0,0.0,1,1
0,0.0,0,1
62,75.0,8,-1
0,0.0,1,1
25,35.0,0,1
23,25.0,2,1
59,0.0,2,1
8,5.0,0,1
0,0.0,1,1
0,3.0,1,1
0,46.0,0,1
22,21.0,1,1
0,0.0,5,1
0,0.0,0,1
0,0.0,1,1
0,0.0,0,1
47,40.0,1,1
76,106.0,4,-1
65,55.0,5,-1
55,10.0,1,1
18,39.0,1,1
37,29.0,0,1
16,37.0,1,1
5,23.0,0,1
4,17.0,3,1
15,32.0,2,1
64,68.0,8,-1
21,36.0,2,1
17,35.0,3,1
0,0.0,2,1
0,0.0,2,1
98,70.0,4,-1
81,52.0,7,-1
0,0.0,1,1
87,104.0,5,-1
77,107.0,10,-1
60,14.0,2,1
55,1.0,0,1
8,11.0,1,1
57,36.0,0,1
53,10.0,2,1
37,6.0,2,1
45,29.0,2,1
44,5.0,1,1
42,40.0,2,1
51,39.0,0,1
31,26.0,2,1
8,28.0,2,1
37,18.0,1,1
38,33.0,2,1
13,41.0,2,1
38,28.0,2,1
19,28.0,1,1
7,17.0,2,1
46,2.0,1,1
31,47.0,2,1
19,47.0,1,1
34,3.0,3,1
11,40.0,3,1
2,21.0,1,1
12,1.0,1,1
14,32.0,3,1
21,43.0,2,1
11,10.0,1,1
8,30.0,4,1
13,32.0,2,1
46,34.0,3,1
15,20.0,1,1
2,19.0,2,1
7,37.0,1,1
32,24.0,0,1
18,40.0,2,1
20,38.0,2,1
13,10.0,1,1
44,44.0,0,1
39,3.0,3,1
2,39.0,2,1
32,39.0,2,1
19,23.0,1,1
25,30.0,2,1
45,28.0,2,1
12,19.0,0,1
41,2.0,2,1
25,46.0,2,1
20,37.0,2,1
30,20.0,4,1
7,19.0,2,1
32,23.0,4,1
20,40.0,1,1
4,8.0,2,1
10,44.0,1,1
3,14.0,2,1
22,27.0,2,1
35,23.0,1,1
2,0.0,1,1
0,1.0,2,1
9,25.0,2,1
21,41.0,2,1
30,5.0,2,1
42,15.0,2,1
4,16.0,2,1
43,18.0,1,1
0,35.0,3,1
4,13.0,0,1
2,14.0,1,1
9,47.0,1,1
31,42.0,2,1
22,39.0,2,1
15,4.0,3,1
5,17.0,1,1
38,20.0,0,1
21,14.0,0,1
12,17.0,8,1
46,11.0,4,1
18,1.0,1,1
24,23.0,2,1
24,43.0,2,1
3,36.0,3,1
15,20.0,0,1
13,22.0,1,1
35,27.0,1,1
2,17.0,2,1
52,55.0,2,-1
6,24.0,2,1
14,23.0,4,1
11,34.0,2,1
8,19.0,1,1
13,1.0,3,1
42,33.0,0,1
20,24.0,1,1
45,28.0,1,1
5,41.0,0,1
46,18.0,2,1
5,2.0,0,1
3,19.0,3,1
9,15.0,1,1
17,40.0,1,1
0,26.0,0,1
43,29.0,2,1
25,22.0,0,1
0,30.0,1,1
11,17.0,1,1
19,15.0,0,1
28,21.0,0,1
35,40.0,1,1
12,37.0,0,1
0,0.0,0,1
37,29.0,0,1
11,31.0,1,1
22,5.0,0,1
12,33.0,0,1
37,40.0,0,1
34,33.0,0,1
37,14.0,1,1
39,43.0,1,1
43,33.0,1,1
0,0.0,1,1
43,18.0,1,1
0,10.0,3,1
9,23.0,1,1
29,18.0,1,1
30,13.0,2,1
0,0.0,1,1
10,33.0,1,1
0,0.0,0,1
14,3.0,1,1
15,28.0,0,1
7,0.0,2,1
35,7.0,2,1
0,0.0,1,1
40,7.0,2,1
27,0.0,2,1
28,29.0,0,1
18,25.0,2,1
4,39.0,3,1
27,75.0,3,1
6,11.0,4,1
23,5.0,0,1
17,17.0,4,1
0,0.0,0,1
36,37.0,1,1
0,0.0,0,1
0,0.0,3,1
0,0.0,0,1
4,38.0,1,1
22,9.0,0,1
0,0.0,1,1
0,0.0,1,1
0,0.0,0,1
0,0.0,1,1
0,0.0,1,1
16,8.0,0,1
22,8.0,0,1
0,30.0,0,1
0,0.0,1,1
13,0.0,1,1
45,24.0,0,1
0,0.0,0,1
0,0.0,0,1
20,8.0,6,1
21,3.0,0,1
16,1.0,0,1
0,0.0,0,1
50,43.0,3,1
57,63.0,1,1
1,58.0,2,1
13,78.0,1,1
30,45.0,1,1
13,72.0,0,1
52,43.0,2,1
52,43.0,1,1
13,76.0,0,1
40,58.0,1,1
16,57.0,1,1
27,76.0,1,1
3,80.0,1,1
18,50.0,1,1
11,53.0,0,1
22,31.0,1,1
22,7.0,1,1
24,3.0,1,1
12,15.0,2,1
38,5.0,1,1
11,6.0,2,1
52,61.0,1,-1
31,34.0,1,1
24,41.0,1,1
5,1.0,1,1
26,2.0,1,1
25,50.0,1,1
23,23.0,1,1
56,68.0,1,-1
10,4.0,1,1
56,66.0,2,-1
12,34.0,1,1
55,76.0,1,-1
35,7.0,1,1
14,12.0,1,1
56,44.0,2,1
31,42.0,1,1
51,52.0,11,-1
3,43.0,1,1
39,50.0,1,1
13,7.0,0,1
40,48.0,2,1
42,15.0,4,1
42,8.0,1,1
71,1.0,1,1
49,17.0,1,1
77,3.0,1,1
58,21.0,1,1
77,60.0,1,-1
74,50.0,1,1
18,49.0,2,1
37,19.0,2,1
41,4.0,1,1
77,57.0,4,-1
49,45.0,2,1
48,40.0,3,1
64,56.0,0,-1
52,56.0,1,-1
50,6.0,1,1
78,13.0,3,1
49,23.0,1,1
67,33.0,1,1
76,42.0,0,1
45,2.0,2,1
32,47.0,2,1
51,7.0,1,1
67,2.0,1,1
57,11.0,2,1
48,39.0,2,1
15,22.0,0,1
74,1.0,2,1
49,14.0,1,1
73,9.0,0,1
80,36.0,2,1
41,32.0,1,1
42,23.0,0,1
64,39.0,1,1
52,8.0,0,1
41,12.0,4,1
0,0.0,2,1
0,29.0,2,1
0,0.0,2,1
48,45.0,1,1
54,28.0,1,1
40,18.0,1,1
69,10.0,1,1
0,7.0,2,1
0,12.0,2,1
57,52.0,5,-1
0,22.0,2,1
70,39.0,2,1
0,0.0,1,1
76,60.0,2,1
0,31.0,2,1
0,6.0,2,1
43,0.0,4,1
34,0.0,1,1
44,0.0,1,1
0,0.0,0,1
0,0.0,1,1
22,0.0,1,1
2,40.0,1,1
17,41.0,1,1
0,0.0,1,1
0,0.0,1,1
0,0.0,1,1
22,39.0,1,1
0,34.0,3,1
0,0.0,1,1
0,0.0,0,1
1,1.0,0,1
0,0.0,2,1
0,0.0,1,1
33,27.0,1,1
0,0.0,1,1
0,0.0,1,1
38,0.0,1,1
31,0.0,2,1
4,0.0,2,1
0,0.0,3,1
0,0.0,0,1
45,0.0,1,1
1,0.0,1,1
0,0.0,3,1
0,0.0,4,1
21,0.0,1,1
0,0.0,1,1
0,0.0,1,1
0,0.0,4,1
0,0.0,0,1
0,0.0,1,1
0,0.0,2,1
0,0.0,9,1
0,0.0,1,1
0,0.0,0,1
0,0.0,1,1
0,0.0,0,1
0,0.0,0,1
0,0.0,2,1
44,20.0,1,1
38,8.0,0,1
15,31.0,11,1
36,36.0,2,1
0,0.0,1,1
0,0.0,2,1
45,14.0,1,1
0,0.0,1,1
0,0.0,1,1
0,0.0,1,1
0,0.0,1,1
27,7.0,1,1
40,37.0,1,1
38,2.0,1,1
9,19.0,1,1
0,0.0,1,1
8,16.0,1,1
42,23.0,5,1
0,0.0,1,1
0,0.0,1,1
0,0.0,1,1
56,53.0,4,-1
28,5.0,1,1
0,0.0,1,1
40,48.0,0,1
24,21.0,1,1
10,23.0,2,1
29,0.0,1,1
10,14.0,1,1
60,57.0,1,-1
62,49.0,0,1
43,36.0,2,1
38,3.0,1,1
8,12.0,2,1
66,25.0,8,1
0,0.0,0,1
9,33.0,2,1
0,0.0,2,1
0,0.0,1,1
0,0.0,7,1
0,0.0,0,1
0,0.0,1,1
0,0.0,3,1
0,0.0,1,1
1,0.0,1,1
0,0.0,0,1
0,0.0,1,1
0,0.0,0,1
0,0.0,0,1
0,0.0,3,1
35,0.0,0,1
0,0.0,1,1
46,0.0,1,1
0,0.0,1,1
0,1.0,0,1
0,0.0,2,1
0,0.0,2,1
0,0.0,1,1
43,0.0,1,1
0,0.0,1,1
0,0.0,1,1
0,0.0,1,1
0,0.0,1,1
0,0.0,1,1
0,33.0,0,1
39,25.0,0,1
0,7.0,1,1
46,46.0,1,1
0,49.0,1,1
1,48.0,1,1
0,0.0,0,1
0,20.0,0,1
30,40.0,0,1
2,0.0,2,1
0,0.0,1,1
11,12.0,0,1
0,0.0,2,1
38,14.0,0,1
48,41.0,7,1
34,8.0,0,1
14,38.0,2,1
0,0.0,1,1
0,0.0,3,1
0,0.0,1,1
94,100.0,4,-1
46,0.0,2,1
0,0.0,1,1
30,0.0,1,1
39,0.0,1,1
15,46.0,0,1
0,0.0,1,1
0,0.0,1,1
29,30.0,1,1
31,0.0,3,1
0,0.0,0,1
0,0.0,1,1
0,0.0,1,1
0,0.0,2,1
0,0.0,1,1
41,0.0,0,1
1,0.0,1,1
0,0.0,2,1
0,0.0,1,1
0,0.0,1,1
0,32.0,1,1
0,0.0,1,1
0,5.0,2,1
0,36.0,1,1
0,27.0,2,1
0,37.0,0,1
21,0.0,0,1
41,0.0,1,1
42,0.0,0,1
31,0.0,0,1
30,12.0,0,1
39,21.0,0,1
1,0.0,3,1
48,46.0,1,1
2,35.0,1,1
24,48.0,0,1
79,34.0,2,1
65,41.0,1,1
53,1.0,0,1
74,0.0,1,1
42,41.0,1,1
74,24.0,0,1
40,36.0,2,1
61,54.0,0,1
48,41.0,1,1
34,7.0,2,1
38,17.0,1,1
28,41.0,1,1
41,20.0,2,1
49,7.0,0,1
47,51.0,2,1
58,49.0,1,1
33,10.0,2,1
75,40.0,1,1
42,3.0,3,1
66,4.0,1,1
66,33.0,7,1
65,34.0,1,1
75,0.0,1,1
43,29.0,1,1
42,2.0,1,1
66,19.0,1,1
47,39.0,1,1
23,12.0,1,1
38,12.0,1,1
77,8.0,4,1
53,48.0,1,1
42,29.0,1,1
53,21.0,1,1
22,40.0,1,1
27,18.0,0,1
68,26.0,1,1
44,5.0,0,1
80,28.0,1,1
28,49.0,1,1
74,6.0,0,1
28,15.0,1,1
78,51.0,1,1
48,48.0,1,1
44,25.0,1,1
55,29.0,2,1
47,19.0,0,1
30,23.0,1,1
31,16.0,4,1
66,23.0,0,1
44,58.0,2,1
19,3.0,1,1
61,1.0,1,1
13,8.0,1,1
63,16.0,1,1
62,25.0,1,-1
37,32.0,0,1
65,67.0,1,1
49,37.0,1,1
59,42.0,2,1
52,47.0,9,1
6,0.0,0,1
4,44.0,4,1
61,51.0,0,1
10,52.0,1,1
9,19.0,0,1
18,7.0,9,1
9,41.0,1,1
73,15.0,2,1
54,15.0,2,1
24,8.0,1,1
30,11.0,2,1
73,9.0,1,1
42,37.0,1,1
52,35.0,1,1
18,33.0,1,1
68,33.0,1,1
5,2.0,2,1
50,9.0,2,1
9,62.0,3,1
68,71.0,1,1
25,22.0,1,1
19,6.0,1,1
13,48.0,4,1
31,31.0,4,-1
55,46.0,2,1
0,9.0,1,1
24,20.0,1,1
0,0.0,1,1
0,49.0,0,1
0,17.0,2,1
0,0.0,1,1
48,41.0,2,1
35,25.0,4,1
13,50.0,2,1
15,49.0,1,1
37,11.0,1,1
41,48.0,4,1
41,45.0,0,1
13,1.0,1,1
40,36.0,0,1
14,26.0,2,1
15,14.0,1,1
17,21.0,4,1
26,33.0,2,1
47,43.0,4,1
9,32.0,1,1
20,9.0,2,1
0,0.0,1,1
0,0.0,1,1
48,29.0,1,1
0,0.0,0,1
1,0.0,7,1
0,0.0,1,1
75,98.0,10,-1
0,0.0,1,1
0,0.0,1,1
0,0.0,2,1
0,1.0,1,1
0,0.0,1,1
24,13.0,3,1
0,0.0,3,1
21,18.0,1,1
47,23.0,4,1
55,36.0,1,1
41,18.0,0,1
62,4.0,0,1
0,0.0,0,1
0,0.0,0,1
0,0.0,1,1
0,0.0,2,1
0,0.0,0,1
3,0.0,1,1
0,0.0,1,1
0,0.0,3,1
0,0.0,0,1
0,37.0,1,1
0,0.0,1,1
0,23.0,1,1
0,47.0,1,1
0,44.0,1,1
35,0.0,1,1
1,0.0,1,1
0,0.0,0,1
0,0.0,1,1
0,0.0,0,1
0,0.0,0,1
0,0.0,1,1
0,0.0,2,1
0,0.0,1,1
0,0.0,0,1
0,0.0,1,1
65,71.0,3,-1
0,0.0,1,1
88,80.0,8,-1
2,1.0,1,1
83,70.0,4,-1
98,74.0,9,-1
31,42.0,1,1
92,61.0,8,-1
15,37.0,1,1
48,22.0,0,1
5,6.0,1,1
27,3.0,0,1
79,87.0,3,-1
43,3.0,2,1
27,18.0,0,1
72,80.0,5,-1
44,43.0,5,1
34,45.0,2,1
31,44.0,1,1
29,28.0,2,1
39,20.0,1,1
6,2.0,2,1
51,79.0,0,-1
26,11.0,1,1
76,46.0,1,1
10,2.0,0,1
52,45.0,1,1
8,0.0,1,1
3,8.0,4,1
38,2.0,2,1
47,8.0,1,1
62,8.0,2,1
32,33.0,0,1
24,50.0,0,1
26,12.0,1,1
59,1.0,1,1
79,21.0,1,1
42,3.0,1,1
33,2.0,0,1
41,9.0,0,1
9,41.0,2,1
54,18.0,0,1
69,9.0,2,1
67,75.0,2,-1
34,3.0,2,1
75,61.0,2,-1
11,3.0,1,1
21,5.0,1,1
65,6.0,1,1
49,36.0,0,1
37,11.0,2,1
1,1.0,1,1
4,27.0,0,1
67,51.0,2,-1
56,68.0,0,-1
25,22.0,1,1
50,0.0,2,1
14,30.0,0,1
20,33.0,1,1
37,25.0,2,1
23,5.0,1,1
37,34.0,1,1
28,20.0,0,1
58,5.0,1,1
39,33.0,1,1
58,69.0,1,-1
11,33.0,1,1
27,32.0,0,1
58,61.0,1,-1
31,35.0,6,1
72,5.0,1,1
76,30.0,0,1
78,79.0,0,-1
15,21.0,1,1
75,84.0,0,-1
26,26.0,1,1
69,98.0,0,-1
12,33.0,0,1
46,13.0,2,1
3,33.0,1,1
12,28.0,2,1
64,60.0,1,-1
39,14.0,2,1
44,37.0,0,1
60,10.0,0,1
72,95.0,1,-1
37,29.0,1,1
47,58.0,1,1
3,35.0,0,1
31,41.0,1,1
15,34.0,0,1
37,21.0,1,1
71,82.0,0,-1
39,30.0,0,1
67,118.0,2,-1
20,22.0,1,1
77,20.0,0,1
2,41.0,0,1
70,75.0,1,-1
80,65.0,1,-1
58,39.0,0,1
19,43.0,0,1
32,45.0,1,1
41,35.0,1,1
110,12.0,1,1
17,34.0,1,1
18,31.0,1,1
19,33.0,1,1
49,20.0,0,1
40,33.0,0,1
116,15.0,0,1
58,88.0,0,-1
66,63.0,3,-1
79,87.0,0,-1
117,6.0,1,1
28,21.0,0,1
6,25.0,0,1
12,26.0,3,1
19,0.0,1,1
37,24.0,3,1
20,0.0,0,1
22,22.0,1,1
0,0.0,2,1
4,0.0,3,1
48,0.0,1,1
39,0.0,3,1
0,0.0,0,1
100,79.0,3,-1
0,0.0,1,1
53,0.0,0,1
0,0.0,1,1
0,0.0,1,1
0,0.0,1,1
0,0.0,1,1
105,99.0,3,-1
0,0.0,0,1
0,1.0,0,1
0,0.0,1,1
0,0.0,1,1
98,61.0,1,-1
0,0.0,0,1
0,0.0,1,1
9,2.0,0,1
25,11.0,1,1
59,72.0,1,-1
14,10.0,1,1
55,11.0,0,1
27,5.0,2,1
31,0.0,1,1
9,48.0,1,1
0,0.0,0,1
0,0.0,1,1
40,6.0,2,1
5,0.0,1,1
33,0.0,1,1
0,0.0,2,1
95,70.0,1,-1
25,0.0,1,1
8,0.0,1,1
5,0.0,1,1
0,0.0,3,1
53,107.0,7,-1
0,0.0,1,1
85,109.0,1,-1
76,90.0,5,-1
0,0.0,1,1
0,0.0,1,1
0,0.0,1,1
0,0.0,1,1
90,52.0,7,-1
0,0.0,3,1
45,20.0,2,1
0,0.0,1,1
16,2.0,8,1
89,108.0,3,-1
0,45.0,2,1
0,10.0,1,1
11,34.0,1,1
0,21.0,1,1
0,43.0,1,1
0,16.0,1,1
97,50.0,4,-1
0,29.0,1,1
70,98.0,7,-1
0,38.0,0,1
24,0.0,1,1
99,89.0,4,-1
19,0.0,0,1
80,70.0,5,-1
29,0.0,1,1
59,64.0,3,-1
91,73.0,4,-1
66,65.0,10,-1
72,99.0,10,-1
26,30.0,1,1
0,0.0,1,1
12,12.0,2,1
54,12.0,1,1
78,68.0,6,-1
0,21.0,0,1
93,61.0,4,-1
91,67.0,9,-1
74,101.0,1,-1
82,83.0,7,-1
3,24.0,1,1
15,30.0,0,1
0,0.0,1,1
44,36.0,2,1
0,37.0,1,1
30,37.0,1,1
22,10.0,0,1
45,8.0,2,1
30,41.0,4,1
11,12.0,3,1
41,30.0,1,1
14,36.0,3,1
24,25.0,2,1
18,2.0,2,1
11,4.0,2,1
24,1.0,3,1
14,34.0,1,1
16,28.0,1,1
32,28.0,4,1
16,25.0,1,1
34,27.0,3,1
6,23.0,4,1
14,45.0,2,1
44,20.0,1,1
7,45.0,2,1
40,39.0,2,1
8,36.0,1,1
3,2.0,1,1
33,13.0,1,1
45,10.0,3,1
15,34.0,4,1
28,19.0,1,1
14,19.0,2,1
0,24.0,1,1
43,34.0,2,1
4,25.0,1,1
2,30.0,1,1
22,11.0,1,1
0,37.0,2,1
26,19.0,0,1
16,39.0,1,1
44,23.0,5,1
33,28.0,4,1
34,1.0,1,1
2,32.0,2,1
22,8.0,4,1
21,4.0,2,1
42,25.0,0,1
12,31.0,1,1
46,32.0,5,1
20,46.0,2,1
2,14.0,2,1
21,25.0,2,1
26,32.0,1,1
11,19.0,2,1
41,33.0,2,1
38,17.0,0,1
25,23.0,6,1
6,41.0,2,1
0,10.0,2,1
26,15.0,3,1
45,1.0,2,1
13,29.0,1,1
38,13.0,1,1
1,46.0,1,1
35,3.0,1,1
42,28.0,1,1
24,28.0,1,1
20,45.0,2,1
21,11.0,2,1
11,18.0,0,1
25,11.0,4,1
17,14.0,0,1
32,7.0,3,1
19,39.0,1,1
24,23.0,4,1
26,7.0,1,1
62,87.0,3,-1
26,9.0,3,1
30,3.0,2,1
40,17.0,2,1
18,11.0,1,1
18,25.0,2,1
21,27.0,2,1
7,25.0,1,1
39,29.0,1,1
30,45.0,3,-1
1,31.0,2,1
4,42.0,4,1
95,67.0,4,-1
21,11.0,4,1
30,7.0,1,1
18,28.0,2,1
27,22.0,0,1
29,18.0,1,1
17,23.0,4,1
34,48.0,1,1
52,2.0,0,-1
17,19.0,0,1
20,12.0,0,1
27,49.0,0,1
0,0.0,4,1
18,0.0,0,1
4,18.0,1,1
24,34.0,2,1
13,12.0,0,1
38,10.0,0,1
36,24.0,3,1
49,34.0,0,1
0,0.0,0,1
48,24.0,3,1
0,33.0,1,1
21,29.0,0,1
18,13.0,1,1
3,39.0,0,1
38,0.0,0,1
26,0.0,0,1
40,21.0,2,1
46,14.0,4,1
2,20.0,0,1
0,14.0,0,1
39,49.0,2,1
0,2.0,0,1
20,17.0,1,1
27,39.0,0,1
14,26.0,1,1
37,4.0,0,1
3,31.0,1,1
10,24.0,0,1
2,3.0,0,1
10,0.0,0,1
36,0.0,1,1
10,17.0,2,1
39,21.0,1,1
2,39.0,1,1
78,52.0,3,-1
9,38.0,4,1
14,29.0,0,1
34,37.0,2,1
31,17.0,0,1
0,0.0,2,1
0,0.0,1,1
0,0.0,1,1
0,0.0,1,1
0,0.0,1,1
0,0.0,1,1
0,16.0,0,1
0,0.0,0,1
0,0.0,4,1
30,33.0,2,1
0,0.0,0,1
2,16.0,1,1
0,0.0,1,1
0,0.0,1,1
0,0.0,0,1
0,0.0,1,1
16,0.0,0,1
55,11.0,0,-1
21,0.0,1,1
20,3.0,0,1
77,22.0,4,-1
11,16.0,1,1
42,74.0,1,1
10,75.0,0,1
22,60.0,2,1
9,76.0,3,1
35,40.0,1,1
22,52.0,1,1
17,59.0,1,1
21,77.0,1,1
32,70.0,1,1
24,71.0,1,1
26,49.0,1,1
8,68.0,2,1
46,69.0,0,1
21,63.0,1,1
33,40.0,3,1
59,77.0,1,-1
3,12.0,0,1
35,16.0,0,1
36,34.0,1,1
87,61.0,1,-1
18,13.0,1,1
50,60.0,1,-1
75,59.0,1,-1
51,78.0,1,-1
20,5.0,1,1
33,5.0,3,1
27,32.0,1,1
22,32.0,0,1
31,1.0,1,1
36,5.0,1,1
60,49.0,2,1
5,49.0,1,1
43,38.0,4,1
16,4.0,1,1
59,78.0,0,-1
55,77.0,0,-1
56,79.0,3,-1
54,48.0,1,1
59,52.0,1,-1
79,35.0,2,1
54,39.0,1,1
0,48.0,0,1
53,46.0,0,1
40,37.0,1,1
49,36.0,1,1
70,47.0,1,1
51,26.0,0,1
57,55.0,2,-1
78,9.0,1,1
57,46.0,2,1
69,24.0,2,1
59,22.0,1,1
47,23.0,1,1
55,4.0,1,1
80,18.0,3,1
43,3.0,1,1
59,24.0,0,1
61,3.0,0,1
44,29.0,3,1
14,23.0,1,1
56,54.0,1,-1
16,50.0,6,1
32,26.0,2,1
42,5.0,2,1
30,35.0,2,1
26,47.0,4,1
21,3.0,4,1
31,15.0,1,1
78,33.0,0,1
78,11.0,1,1
72,48.0,1,1
72,23.0,0,1
65,41.0,1,1
75,35.0,1,1
57,53.0,1,-1
73,49.0,1,1
54,36.0,2,1
49,50.0,1,1
72,36.0,0,1
66,21.0,2,1
60,54.0,1,-1
42,28.0,0,1
63,17.0,0,1
68,55.0,1,-1
50,39.0,0,1
68,39.0,0,1
53,43.0,0,1
46,28.0,1,1
66,51.0,0,-1
53,32.0,0,1
76,3.0,2,1
65,51.0,1,-1
53,37.0,1,1
49,23.0,1,1
66,31.0,3,1
45,15.0,1,-1
0,20.0,2,1
0,8.0,1,1
31,50.0,1,-1
54,19.0,0,1
15,7.0,5,-1
24,15.0,1,1
0,10.0,1,1
0,45.0,1,1
0,0.0,1,1
0,0.0,1,1
0,0.0,3,1
4,0.0,2,1
0,0.0,2,1
31,0.0,2,1
1,1.0,0,1
0,0.0,2,1
0,0.0,2,1
0,0.0,0,1
40,0.0,2,1
0,0.0,2,1
0,0.0,0,1
0,0.0,2,1
0,0.0,1,1
35,12.0,2,1
32,22.0,4,1
0,0.0,1,1
42,3.0,1,1
37,25.0,1,1
12,26.0,1,1
0,0.0,0,1
0,0.0,0,1
35,0.0,4,1
0,0.0,1,1
41,0.0,1,1
27,0.0,1,1
0,0.0,1,1
0,0.0,0,1
0,0.0,2,1
0,0.0,1,1
0,0.0,1,1
0,0.0,1,1
0,0.0,2,1
0,0.0,3,1
0,0.0,0,1
0,0.0,2,1
0,0.0,1,1
0,0.0,0,1
0,0.0,2,1
0,0.0,1,1
0,0.0,2,1
33,40.0,3,1
13,0.0,1,1
31,15.0,0,1
24,37.0,3,1
36,36.0,2,1
0,0.0,1,1
0,0.0,1,1
97,90.0,0,-1
0,0.0,7,1
0,0.0,1,1
12,37.0,2,1
30,7.0,2,1
22,19.0,1,1
4,2.0,1,1
8,30.0,0,1
40,12.0,1,1
23,3.0,1,1
45,24.0,6,1
43,30.0,1,1
4,25.0,0,1
16,8.0,2,1
0,0.0,1,1
0,0.0,1,1
8,17.0,1,1
0,0.0,3,1
44,9.0,1,1
0,0.0,3,1
0,0.0,0,1
38,25.0,1,1
0,0.0,1,1
0,0.0,0,1
41,16.0,3,1
53,48.0,1,1
59,59.0,3,-1
0,3.0,0,1
20,22.0,1,1
34,18.0,1,1
68,6.0,5,1
65,51.0,1,-1
59,59.0,1,-1
26,15.0,1,1
0,0.0,4,1
39,27.0,1,1
0,0.0,1,1
17,16.0,2,1
63,66.0,3,-1
70,56.0,2,-1
0,0.0,0,1
0,0.0,2,1
0,0.0,1,1
0,0.0,1,1
0,0.0,1,1
2,0.0,10,1
0,0.0,2,1
0,0.0,1,1
0,0.0,0,1
0,0.0,2,1
0,0.0,4,1
0,0.0,2,1
0,0.0,1,1
0,0.0,0,1
0,0.0,1,1
0,0.0,1,1
0,0.0,1,1
17,0.0,1,1
37,0.0,0,1
15,0.0,1,1
39,0.0,1,1
23,0.0,2,1
34,0.0,2,1
0,0.0,0,1
0,0.0,1,1
0,0.0,1,1
0,0.0,1,1
0,0.0,1,1
0,0.0,1,1
1,1.0,1,1
0,22.0,2,1
0,15.0,2,1
0,11.0,1,1
0,8.0,1,1
0,35.0,1,1
16,29.0,0,1
0,44.0,3,1
0,0.0,1,1
0,0.0,3,1
1,2.0,4,1
7,37.0,2,1
28,2.0,0,1
41,48.0,2,1
32,31.0,1,1
0,4.0,4,1
0,0.0,1,1
0,0.0,3,1
0,0.0,1,1
12,11.0,1,1
6,29.0,0,1
0,0.0,1,1
0,2.0,1,1
0,0.0,1,1
31,32.0,3,1
2,0.0,10,1
0,0.0,1,1
23,13.0,3,1
0,0.0,1,1
0,24.0,1,1
9,41.0,1,1
23,7.0,1,1
0,15.0,1,1
0,48.0,1,1
41,0.0,1,1
0,40.0,2,1
44,41.0,0,1
50,1.0,0,1
21,0.0,1,1
0,0.0,1,1
42,21.0,2,1
27,0.0,1,1
0,14.0,4,1
18,47.0,1,1
13,0.0,1,1
0,0.0,2,1
26,0.0,1,1
0,0.0,2,1
1,0.0,0,1
0,0.0,1,1
0,0.0,0,1
0,23.0,4,1
0,0.0,0,1
34,0.0,2,1
0,10.0,1,1
26,0.0,1,1
44,0.0,1,1
0,12.0,0,1
0,22.0,1,1
0,20.0,1,1
0,15.0,0,1
0,0.0,8,1
39,0.0,0,1
33,0.0,0,1
11,0.0,1,1
41,30.0,6,1
51,8.0,1,1
0,0.0,0,1
41,20.0,1,1
70,11.0,1,1
71,36.0,2,1
36,37.0,1,1
67,14.0,2,1
33,51.0,0,1
48,33.0,1,1
49,5.0,1,1
52,53.0,2,1
67,33.0,0,1
52,29.0,1,1
80,46.0,4,1
64,42.0,4,1
36,18.0,1,1
30,13.0,1,1
32,8.0,1,1
30,6.0,0,1
65,16.0,2,1
51,35.0,2,1
63,26.0,1,1
82,46.0,1,1
80,47.0,1,1
76,54.0,1,1
73,33.0,1,1
51,51.0,0,1
64,2.0,2,1
60,51.0,2,1
65,27.0,0,1
22,11.0,1,1
42,49.0,2,1
78,17.0,1,1
40,32.0,1,1
61,48.0,2,1
56,13.0,1,1
56,44.0,0,1
51,47.0,1,1
23,53.0,1,1
67,12.0,0,1
21,1.0,1,1
56,17.0,1,1
38,44.0,2,1
82,2.0,0,1
74,6.0,1,1
48,12.0,2,1
63,55.0,0,1
47,36.0,0,1
26,47.0,0,1
30,14.0,1,1
54,24.0,2,1
26,21.0,1,1
56,41.0,1,1
83,7.0,1,1
63,71.0,1,1
53,49.0,0,1
43,39.0,1,1
4,56.0,1,1
59,57.0,1,1
51,18.0,0,1
0,29.0,1,1
60,5.0,1,1
55,47.0,1,1
28,65.0,2,1
4,38.0,1,1
41,72.0,2,1
33,2.0,0,1
14,31.0,2,1
55,75.0,1,1
4,16.0,1,1
43,23.0,2,1
56,61.0,2,1
18,39.0,2,1
42,27.0,1,1
29,21.0,1,1
52,57.0,1,1
73,65.0,1,1
3,26.0,1,1
68,72.0,3,1
45,59.0,1,1
29,9.0,2,1
74,7.0,0,1
10,34.0,0,1
23,13.0,1,1
13,15.0,1,1
40,27.0,1,1
47,32.0,1,1
54,31.0,9,1
20,4.0,0,1
28,65.0,3,1
43,28.0,1,1
75,75.0,1,1
64,46.0,1,1
7,64.0,1,1
15,41.0,1,1
54,72.0,0,1
0,0.0,2,1
64,50.0,2,1
0,0.0,2,1
0,45.0,1,1
16,8.0,1,1
0,15.0,1,1
0,21.0,3,1
33,0.0,1,1
1,37.0,1,1
0,0.0,4,1
6,0.0,0,1
44,0.0,1,1
0,0.0,2,1
20,0.0,5,1
0,0.0,4,1
0,0.0,4,1
45,2.0,1,1
7,30.0,4,1
0,0.0,1,1
4,0.0,4,1
28,24.0,1,1
18,46.0,1,1
1,5.0,2,1
39,16.0,1,1
30,4.0,2,1
0,0.0,1,1
1,0.0,11,1
0,0.0,1,1
0,0.0,2,1
0,0.0,0,1
0,0.0,1,1
0,0.0,0,1
0,0.0,0,1
0,0.0,1,1
11,32.0,1,1
39,25.0,1,1
44,17.0,1,1
3,11.0,1,1
57,66.0,4,-1
20,22.0,0,1
18,31.0,1,1
69,27.0,1,1
46,21.0,0,1
0,0.0,3,1
0,0.0,1,1
0,0.0,0,1
0,0.0,4,1
0,0.0,2,1
0,0.0,1,1
0,0.0,7,1
0,0.0,0,1
0,0.0,4,1
0,0.0,0,1
0,32.0,1,1
0,31.0,1,1
0,0.0,4,1
0,49.0,1,1
0,0.0,3,1
0,0.0,1,1
0,0.0,1,1
0,0.0,1,1
0,50.0,4,1
0,0.0,1,1
0,0.0,3,1
0,0.0,2,1
18,0.0,4,1
40,0.0,4,1
0,0.0,1,1
0,0.0,1,1
0,0.0,1,1
81,69.0,2,-1
0,0.0,1,1
99,76.0,7,-1
72,76.0,5,-1
0,0.0,2,1
0,0.0,1,1
83,74.0,8,-1
0,0.0,1,1
34,8.0,1,1
0,0.0,1,1
76,72.0,6,-1
94,95.0,6,-1
24,7.0,0,1
35,22.0,3,-1
28,18.0,5,-1
9,21.0,1,1
50,33.0,2,1
34,20.0,7,-1
30,37.0,2,-1
24,34.0,1,-1
35,22.0,1,1
20,16.0,1,1
16,26.0,5,-1
7,14.0,1,1
17,39.0,1,1
45,6.0,1,1
47,30.0,1,1
50,34.0,2,1
58,10.0,2,1
4,35.0,2,1
60,68.0,1,-1
30,44.0,0,1
2,35.0,14,1
14,38.0,2,1
0,34.0,0,1
36,6.0,1,1
30,15.0,1,1
3,12.0,1,1
12,3.0,0,1
58,73.0,0,-1
66,41.0,1,1
68,37.0,0,1
31,0.0,1,1
8,4.0,2,1
72,1.0,0,1
14,25.0,1,1
29,6.0,1,1
49,37.0,2,1
50,27.0,0,1
5,39.0,1,1
4,28.0,1,1
60,32.0,1,1
3,8.0,1,1
5,3.0,1,1
59,22.0,0,1
75,12.0,1,1
24,11.0,1,1
31,18.0,1,1
58,3.0,2,1
57,19.0,0,1
48,49.0,2,1
42,43.0,0,1
56,5.0,1,1
80,100.0,1,-1
65,20.0,2,1
8,10.0,1,1
51,89.0,1,-1
66,14.0,0,1
21,21.0,0,1
33,33.0,1,1
1,39.0,1,1
36,33.0,0,1
49,33.0,1,1
70,13.0,0,1
78,17.0,0,1
47,33.0,1,1
76,27.0,1,1
14,32.0,0,1
67,37.0,1,1
59,61.0,0,-1
35,33.0,0,1
36,32.0,1,1
65,54.0,1,-1
18,70.0,1,-1
8,43.0,1,1
49,11.0,0,1
65,14.0,0,1
23,34.0,0,1
36,35.0,0,1
66,5.0,0,1
2,12.0,0,1
47,10.0,1,1
0,33.0,4,1
33,32.0,0,1
62,34.0,1,1
13,21.0,1,1
8,22.0,1,1
15,45.0,1,1
12,22.0,10,1
47,42.0,1,1
46,47.0,1,1
61,19.0,1,1
33,14.0,0,1
80,58.0,1,-1
2,7.0,0,1
4,23.0,0,1
60,31.0,1,1
61,47.0,1,1
21,14.0,0,1
78,94.0,1,-1
55,85.0,2,-1
69,10.0,0,1
69,24.0,1,1
42,32.0,1,1
31,36.0,1,1
28,11.0,0,1
0,0.0,1,1
0,0.0,1,1
0,0.0,0,1
0,0.0,0,1
0,0.0,1,1
0,0.0,2,1
0,0.0,0,1
0,0.0,1,1
0,0.0,0,1
0,0.0,0,1
0,0.0,0,1
0,0.0,1,1
0,0.0,0,1
0,0.0,1,1
0,0.0,2,1
0,0.0,1,1
0,0.0,0,1
0,0.0,1,1
0,0.0,1,1
0,0.0,0,1
70,106.0,1,-1
52,80.0,0,-1
0,0.0,0,1
12,37.0,1,1
10,12.0,1,1
0,0.0,1,1
48,15.0,2,1
0,0.0,1,1
21,21.0,1,1
5,26.0,1,1
19,24.0,1,1
47,28.0,2,1
58,2.0,0,1
16,7.0,1,1
86,84.0,1,-1
59,43.0,2,1
103,82.0,6,-1
56,50.0,2,1
36,0.0,0,1
88,105.0,1,-1
6,0.0,1,1
37,0.0,2,1
108,91.0,10,-1
28,0.0,0,1
21,0.0,1,1
0,0.0,0,1
0,0.0,2,1
0,0.0,0,1
51,87.0,5,-1
0,0.0,1,1
0,0.0,0,1
0,0.0,1,1
0,0.0,1,1
0,0.0,1,1
2,9.0,0,1
39,3.0,0,1
51,14.0,0,1
56,11.0,0,1
35,43.0,4,1
1,40.0,0,1
0,11.0,1,1
1,0.0,1,1
0,24.0,1,1
52,0.0,2,1
0,18.0,1,1
0,39.0,4,1
1,41.0,1,1
55,1.0,3,1
1,30.0,1,1
0,1.0,1,1
11,0.0,2,1
51,0.0,0,1
57,0.0,2,1
5,0.0,1,1
8,0.0,2,1
0,0.0,1,1
50,59.0,4,-1
62,62.0,4,-1
51,35.0,1,1
10,18.0,2,1
90,67.0,10,-1
51,40.0,1,1
32,42.0,1,1
93,95.0,6,-1
18,28.0,1,1
35,38.0,0,1
59,50.0,9,-1
50,17.0,1,1
40,4.0,1,1
35,1.0,3,1
1,27.0,1,1
33,29.0,0,1
32,24.0,4,1
96,96.0,6,-1
27,10.0,2,1
0,47.0,1,1
32,23.0,4,1
15,12.0,1,1
34,46.0,1,1
44,0.0,2,1
21,3.0,0,1
30,2.0,1,1
16,0.0,2,1
0,21.0,1,1
24,28.0,0,1
30,36.0,2,1
43,18.0,2,1
42,26.0,2,1
18,22.0,1,1
8,40.0,1,1
75,65.0,1,-1
14,19.0,2,1
12,1.0,3,1
10,33.0,1,1
11,15.0,1,1
19,26.0,3,1
11,6.0,2,1
45,25.0,3,1
24,45.0,1,1
45,37.0,2,1
6,44.0,2,1
56,85.0,1,-1
8,32.0,1,1
31,13.0,2,1
34,22.0,3,1
21,25.0,2,1
7,46.0,3,1
40,38.0,2,1
19,13.0,2,1
33,20.0,0,1
7,42.0,0,1
10,30.0,2,1
39,12.0,2,1
14,32.0,4,1
35,40.0,2,1
41,10.0,2,1
2,34.0,2,1
37,5.0,2,1
40,37.0,5,1
11,0.0,2,1
35,39.0,2,1
31,18.0,1,1
13,40.0,3,1
17,30.0,2,1
2,33.0,3,1
17,43.0,3,1
37,9.0,1,1
31,5.0,3,1
18,35.0,3,1
36,15.0,2,1
33,33.0,2,1
16,47.0,1,1
41,6.0,5,1
15,46.0,2,1
6,21.0,4,1
8,40.0,4,1
38,44.0,1,1
16,41.0,0,1
40,14.0,5,1
16,27.0,2,1
2,26.0,8,1
23,0.0,4,1
14,5.0,4,1
5,9.0,3,1
18,5.0,4,1
39,33.0,2,1
28,46.0,3,1
46,30.0,2,1
33,16.0,4,1
45,5.0,5,1
34,27.0,4,1
34,40.0,4,1
21,10.0,4,1
37,22.0,2,1
35,41.0,4,1
12,0.0,6,1
5,27.0,3,1
15,16.0,4,1
30,19.0,5,1
12,24.0,4,1
17,31.0,0,1
10,43.0,1,1
20,18.0,4,1
25,47.0,1,1
25,45.0,2,1
26,39.0,2,1
37,31.0,2,1
32,11.0,4,1
11,7.0,2,1
40,37.0,1,1
6,32.0,1,1
23,36.0,0,1
1,2.0,3,1
43,7.0,2,1
43,18.0,1,1
22,15.0,2,1
1,25.0,2,1
28,3.0,2,1
36,31.0,2,1
1,30.0,1,1
45,34.0,1,1
0,21.0,3,1
46,36.0,3,1
26,13.0,1,1
35,19.0,1,1
22,33.0,2,1
42,18.0,2,1
6,13.0,1,1
11,19.0,2,1
40,3.0,3,1
27,33.0,0,1
26,21.0,0,1
15,26.0,0,1
39,4.0,1,1
1,13.0,1,1
9,4.0,0,1
24,16.0,0,1
31,5.0,0,1
29,45.0,1,1
9,22.0,2,1
37,6.0,1,1
39,23.0,4,1
7,7.0,1,1
45,37.0,0,1
23,85.0,0,1
19,13.0,2,1
19,9.0,1,1
3,22.0,1,1
36,46.0,1,1
15,28.0,1,1
0,0.0,1,1
26,22.0,0,1
40,35.0,0,1
16,6.0,2,1
39,24.0,1,1
22,23.0,2,1
28,17.0,2,1
12,13.0,2,1
0,7.0,1,1
21,0.0,0,1
5,18.0,1,1
0,0.0,0,1
33,23.0,1,1
24,37.0,0,1
12,0.0,1,1
30,31.0,0,1
37,40.0,2,1
38,17.0,0,1
0,0.0,2,1
18,40.0,0,1
85,70.0,3,-1
0,0.0,0,1
6,30.0,0,1
24,5.0,0,1
27,0.0,0,1
0,0.0,0,1
0,0.0,0,1
0,0.0,1,1
0,0.0,2,1
0,0.0,0,1
0,0.0,0,1
0,0.0,1,1
0,0.0,0,1
0,36.0,1,1
88,52.0,2,-1
60,24.0,4,-1
16,9.0,0,1
2,0.0,1,1
0,0.0,1,1
0,0.0,1,1
0,0.0,0,1
4,13.0,1,1
0,0.0,0,1
2,45.0,3,1
1,50.0,1,1
35,44.0,0,1
39,72.0,0,1
9,68.0,1,1
7,78.0,1,1
50,54.0,1,1
17,47.0,2,1
21,54.0,1,1
59,47.0,0,1
48,60.0,6,1
55,72.0,3,1
21,71.0,1,1
21,78.0,1,1
31,59.0,1,1
25,48.0,4,1
17,21.0,1,1
23,57.0,1,1
12,3.0,1,1
7,12.0,6,1
78,56.0,2,-1
10,49.0,1,1
9,8.0,1,1
60,52.0,1,-1
6,15.0,6,1
7,45.0,1,1
23,43.0,1,1
50,57.0,2,-1
11,3.0,1,1
33,9.0,0,1
68,58.0,1,-1
42,21.0,1,1
35,23.0,0,1
35,42.0,0,1
35,8.0,1,1
6,6.0,1,1
28,2.0,4,1
52,70.0,0,-1
56,54.0,3,-1
23,41.0,1,1
29,22.0,1,1
23,6.0,0,1
60,35.0,3,1
16,35.0,5,1
10,15.0,1,1
80,32.0,1,1
51,21.0,0,1
47,54.0,1,1
42,42.0,2,1
23,15.0,1,1
30,17.0,1,1
3,2.0,1,1
67,82.0,3,-1
78,56.0,2,-1
14,7.0,4,1
46,23.0,0,1
40,48.0,2,1
54,26.0,4,1
72,11.0,1,1
77,36.0,1,1
76,54.0,7,-1
66,27.0,1,1
56,60.0,1,-1
60,4.0,1,1
53,14.0,1,1
76,9.0,2,1
72,21.0,0,1
53,60.0,3,-1
47,32.0,3,1
59,39.0,1,1
53,22.0,0,1
80,37.0,3,1
57,5.0,0,1
53,45.0,1,1
60,72.0,0,-1
43,28.0,1,1
50,43.0,2,1
65,23.0,3,1
50,75.0,2,-1
47,28.0,2,1
71,35.0,1,-1
67,54.0,5,-1
75,50.0,2,1
50,37.0,2,1
75,10.0,8,-1
52,49.0,2,-1
67,46.0,1,1
74,0.0,0,1
53,42.0,1,1
75,55.0,5,-1
62,16.0,1,1
70,1.0,1,1
75,58.0,0,-1
41,48.0,1,1
0,35.0,3,1
0,0.0,0,1
0,40.0,1,1
39,19.0,2,1
79,6.0,0,1
0,11.0,1,1
0,44.0,1,1
77,89.0,2,-1
74,13.0,2,1
29,0.0,1,1
7,0.0,1,1
10,0.0,1,1
81,88.0,5,-1
25,0.0,2,1
38,0.0,1,1
0,0.0,1,1
0,0.0,3,1
0,0.0,1,1
38,45.0,1,1
21,28.0,0,1
30,1.0,2,1
0,0.0,1,1
0,0.0,1,1
30,0.0,1,1
0,0.0,1,1
7,17.0,1,1
24,10.0,1,1
25,19.0,0,1
91,71.0,6,-1
0,0.0,5,1
0,0.0,1,1
1,0.0,4,1
0,0.0,2,1
29,0.0,3,1
42,0.0,1,1
6,0.0,1,1
0,0.0,2,1
0,0.0,1,1
8,0.0,2,1
0,0.0,0,1
0,0.0,1,1
0,0.0,0,1
1,0.0,3,1
0,0.0,1,1
0,0.0,1,1
0,0.0,2,1
0,0.0,0,1
0,0.0,4,1
0,0.0,2,1
2,0.0,2,1
0,0.0,3,1
21,2.0,4,1
0,0.0,1,1
0,0.0,0,1
0,0.0,1,1
0,0.0,2,1
0,0.0,1,1
5,23.0,1,1
39,40.0,1,1
0,0.0,3,1
17,31.0,1,1
23,5.0,1,1
28,41.0,1,1
3,25.0,3,1
0,0.0,2,1
0,0.0,0,1
0,0.0,1,1
18,3.0,1,1
0,0.0,3,1
0,0.0,1,1
0,0.0,5,1
6,15.0,0,1
31,17.0,0,1
15,11.0,0,1
5,28.0,1,1
26,34.0,0,1
0,1.0,1,1
36,23.0,2,1
78,86.0,7,-1
33,7.0,2,1
0,0.0,2,1
24,45.0,2,1
36,30.0,1,1
30,43.0,3,1
94,70.0,2,-1
0,0.0,1,1
45,33.0,2,1
0,0.0,1,1
52,27.0,2,1
0,0.0,3,1
0,0.0,0,1
0,0.0,1,1
0,0.0,1,1
0,0.0,2,1
0,0.0,0,1
0,0.0,2,1
92,99.0,4,-1
0,0.0,4,1
0,0.0,2,1
84,89.0,1,-1
0,0.0,2,1
49,1.0,2,1
0,0.0,1,1
0,0.0,1,1
9,0.0,0,1
26,0.0,2,1
19,0.0,1,1
0,0.0,6,1
0,0.0,4,1
0,0.0,1,1
0,0.0,0,1
2,0.0,0,1
0,14.0,3,1
97,98.0,4,-1
90,77.0,4,-1
87,71.0,5,-1
75,80.0,4,-1
0,0.0,4,1
29,6.0,4,1
0,0.0,1,1
0,0.0,4,1
0,0.0,2,1
0,0.0,7,1
0,1.0,4,1
49,13.0,2,1
0,39.0,1,1
0,0.0,1,1
20,5.0,6,1
50,45.0,1,1
47,47.0,1,1
0,0.0,4,1
13,23.0,1,1
5,11.0,1,1
8,34.0,1,1
33,10.0,0,1
9,8.0,1,1
0,0.0,1,1
48,18.0,3,1
0,0.0,0,1
0,0.0,3,1
0,0.0,1,1
0,0.0,2,1
46,46.0,0,1
43,12.0,1,1
45,50.0,2,1
10,33.0,0,1
0,0.0,1,1
0,0.0,0,1
0,0.0,4,1
0,0.0,3,1
8,12.0,1,1
81,78.0,4,-1
16,22.0,1,1
0,14.0,2,1
0,45.0,1,1
0,0.0,1,1
18,0.0,1,1
0,0.0,2,1
0,0.0,2,1
0,8.0,3,1
49,19.0,0,1
45,25.0,2,1
40,18.0,2,1
20,0.0,2,1
0,0.0,1,1
0,0.0,1,1
0,0.0,0,1
0,0.0,0,1
0,0.0,1,1
0,0.0,2,1
0,17.0,2,1
0,38.0,1,1
0,19.0,2,1
82,76.0,2,-1
0,48.0,1,1
0,0.0,2,1
0,0.0,1,1
0,8.0,5,1
1,3.0,0,1
25,4.0,4,1
26,1.0,1,1
0,0.0,0,1
2,0.0,2,1
35,0.0,1,1
40,0.0,2,1
50,0.0,4,1
0,0.0,1,1
20,0.0,0,1
16,6.0,3,1
59,13.0,1,1
47,18.0,3,1
15,40.0,2,1
65,55.0,1,-1
62,34.0,1,1
37,14.0,4,1
54,24.0,0,1
68,60.0,2,-1
7,47.0,2,1
43,49.0,1,1
60,3.0,1,1
21,3.0,4,1
42,48.0,1,1
29,49.0,1,1
45,7.0,2,1
23,51.0,2,1
29,41.0,0,1
0,38.0,0,1
81,33.0,3,1
40,38.0,1,1
28,21.0,2,1
30,23.0,1,1
31,28.0,2,1
34,18.0,2,1
33,46.0,2,1
44,34.0,1,1
56,10.0,2,1
52,38.0,2,1
63,10.0,2,1
58,10.0,2,1
80,7.0,2,1
66,22.0,4,1
65,55.0,1,-1
42,52.0,2,1
21,24.0,1,1
52,11.0,1,1
51,32.0,1,1
81,14.0,2,1
49,47.0,1,-1
64,28.0,2,1
62,20.0,1,1
29,38.0,2,1
84,14.0,1,1
20,55.0,1,1
61,18.0,1,-1
44,17.0,4,1
28,9.0,1,1
32,35.0,1,1
52,36.0,4,1
52,54.0,1,1
64,45.0,6,1
65,33.0,3,-1
60,11.0,2,1
73,9.0,1,1
36,11.0,1,1
29,29.0,1,1
58,10.0,1,1
44,2.0,2,1
85,11.0,1,1
73,24.0,0,1
33,45.0,1,1
74,27.0,1,1
77,28.0,2,1
38,39.0,1,1
34,26.0,2,1
34,60.0,1,1
39,17.0,1,1
56,22.0,1,1
55,53.0,2,-1
42,13.0,1,1
20,66.0,3,1
26,40.0,2,1
35,13.0,2,1
42,59.0,1,1
31,65.0,5,1
28,72.0,4,1
10,65.0,1,1
47,4.0,1,1
26,47.0,2,1
65,53.0,2,1
43,62.0,3,1
19,65.0,4,-1
47,39.0,3,1
23,49.0,1,1
34,46.0,1,1
20,67.0,0,1
6,12.0,1,1
24,57.0,3,1
6,32.0,0,1
19,55.0,1,1
18,27.0,1,1
48,57.0,1,1
2,58.0,0,1
22,3.0,0,1
10,75.0,1,1
45,0.0,1,1
11,54.0,1,1
45,52.0,3,1
30,39.0,10,-1
19,19.0,1,1
22,1.0,0,1
65,63.0,1,1
45,67.0,1,1
19,58.0,1,1
3,41.0,1,1
10,69.0,1,1
40,26.0,0,1
11,47.0,1,1
58,42.0,1,1
46,30.0,2,1
9,41.0,1,1
69,22.0,1,1
40,32.0,0,1
26,22.0,0,1
59,27.0,0,1
37,51.0,4,1
4,35.0,1,1
62,26.0,1,1
15,69.0,1,1
66,64.0,0,1
13,47.0,1,1
60,75.0,1,1
0,50.0,4,1
0,13.0,2,1
15,0.0,4,-1
0,0.0,1,1
0,2.0,1,1
0,20.0,2,1
3,31.0,4,1
0,32.0,0,1
0,46.0,3,1
0,19.0,3,1
32,0.0,1,1
0,16.0,2,1
0,38.0,0,1
0,42.0,1,1
40,44.0,1,1
11,0.0,2,1
42,0.0,1,1
19,0.0,1,1
49,0.0,1,1
0,28.0,0,1
0,0.0,1,1
0,0.0,2,1
0,0.0,3,1
14,15.0,1,1
0,0.0,1,1
65,64.0,4,-1
6,22.0,4,1
54,56.0,8,-1
30,7.0,1,1
49,15.0,2,1
0,0.0,5,1
0,0.0,2,1
29,27.0,1,1
0,0.0,1,1
1,1.0,0,1
0,0.0,1,1
0,0.0,1,1
0,0.0,1,1
0,0.0,2,1
0,0.0,1,1
0,0.0,1,1
0,0.0,0,1
33,6.0,0,1
59,14.0,1,1
48,0.0,1,1
6,23.0,0,1
42,16.0,1,1
0,45.0,1,1
0,0.0,1,1
9,0.0,2,1
0,0.0,1,1
0,0.0,1,1
0,0.0,0,1
0,0.0,1,1
0,0.0,2,1
0,0.0,1,1
0,0.0,1,1
0,0.0,1,1
0,0.0,2,1
0,0.0,1,1
0,30.0,0,1
0,36.0,2,1
4,0.0,2,1
0,45.0,0,1
3,42.0,5,1
0,48.0,1,1
0,38.0,2,1
48,0.0,7,1
0,0.0,0,1
12,0.0,0,1
0,0.0,1,1
0,0.0,2,1
0,0.0,2,1
0,0.0,1,1
0,0.0,1,1
0,0.0,1,1
0,0.0,2,1
0,0.0,0,1
0,0.0,1,1
0,0.0,0,1
67,64.0,0,-1
68,82.0,4,-1
89,84.0,2,-1
0,0.0,1,1
33,50.0,1,1
20,49.0,1,1
0,0.0,0,1
0,0.0,0,1
0,0.0,1,1
0,0.0,1,1
85,99.0,7,-1
7,24.0,1,1
25,38.0,1,1
73,69.0,9,-1
0,12.0,0,1
37,15.0,1,1
24,11.0,4,-1
14,15.0,4,-1
40,23.0,3,-1
3,28.0,0,1
77,51.0,1,-1
55,27.0,0,1
73,58.0,0,-1
36,17.0,10,-1
31,36.0,6,-1
13,16.0,3,-1
39,30.0,4,-1
47,32.0,1,1
68,51.0,1,-1
2,12.0,1,1
49,35.0,0,1
66,43.0,1,1
40,20.0,1,1
80,43.0,1,1
63,70.0,1,-1
21,4.0,0,1
1,10.0,2,1
64,62.0,1,-1
63,58.0,0,-1
55,14.0,1,1
46,11.0,10,1
72,20.0,0,1
52,8.0,2,1
70,38.0,2,1
63,80.0,0,-1
63,56.0,0,-1
5,38.0,1,1
69,58.0,1,-1
38,47.0,6,1
35,3.0,1,1
54,31.0,1,1
52,30.0,0,1
39,38.0,0,1
15,4.0,3,1
15,40.0,1,1
2,3.0,1,1
36,3.0,3,1
51,38.0,1,1
17,33.0,1,1
6,1.0,0,1
21,33.0,0,1
18,21.0,2,1
51,63.0,0,-1
35,31.0,0,1
25,1.0,2,1
79,6.0,0,1
65,73.0,1,-1
53,68.0,1,-1
30,40.0,2,1
56,63.0,1,-1
34,38.0,0,1
1,38.0,0,1
78,124.0,0,-1
31,22.0,1,1
18,22.0,0,1
39,15.0,3,1
53,87.0,1,-1
27,23.0,1,1
45,30.0,0,1
15,15.0,0,1
33,14.0,1,1
68,67.0,1,-1
62,12.0,3,1
80,52.0,0,-1
76,93.0,1,-1
65,54.0,2,-1
7,22.0,1,1
41,47.0,0,-1
12,32.0,2,-1
20,33.0,3,1
76,35.0,0,1
66,21.0,3,-1
3,23.0,1,1
55,54.0,1,-1
3,21.0,1,1
33,31.0,0,1
37,27.0,1,1
11,20.0,0,1
23,28.0,0,1
76,25.0,1,1
36,12.0,0,1
11,17.0,0,1
50,95.0,0,-1
53,98.0,0,-1
80,63.0,2,-1
40,1.0,1,-1
14,37.0,1,1
2,33.0,0,1
12,46.0,1,1
64,32.0,0,1
26,50.0,3,-1
19,25.0,1,1
58,26.0,0,1
15,31.0,0,1
46,31.0,1,1
4,27.0,0,1
79,2.0,1,1
89,81.0,0,-1
25,19.0,1,1
86,98.0,2,-1
46,0.0,1,1
47,0.0,2,1
0,0.0,2,1
35,0.0,0,1
0,0.0,1,1
32,0.0,1,1
0,0.0,0,1
26,0.0,2,1
65,96.0,2,-1
55,0.0,0,1
56,96.0,10,-1
0,0.0,1,1
0,0.0,1,1
0,0.0,3,1
0,0.0,2,1
0,0.0,1,1
0,0.0,1,1
3,0.0,0,1
0,0.0,0,1
0,0.0,1,1
0,0.0,1,1
0,0.0,4,1
0,0.0,1,1
0,0.0,1,1
0,0.0,1,1
51,74.0,1,-1
0,0.0,1,1
0,0.0,8,1
93,85.0,7,-1
50,83.0,2,-1
0,0.0,0,1
27,0.0,2,1
0,0.0,0,1
0,0.0,0,1
51,0.0,0,1
0,0.0,1,1
0,0.0,0,1
55,56.0,7,-1
0,0.0,2,1
0,0.0,3,1
2,0.0,0,1
0,0.0,2,1
0,0.0,0,1
0,0.0,0,1
2,0.0,3,1
1,0.0,1,1
107,72.0,8,-1
79,61.0,3,-1
0,1.0,1,1
0,0.0,1,1
0,0.0,0,1
12,23.0,1,1
61,110.0,9,-1
0,0.0,2,1
100,78.0,5,-1
0,25.0,1,1
0,0.0,1,1
84,63.0,8,-1
18,24.0,3,1
1,5.0,4,1
102,59.0,10,-1
36,42.0,1,1
46,50.0,2,1
0,40.0,1,1
1,35.0,0,1
54,73.0,5,-1
68,57.0,9,-1
69,102.0,6,-1
57,92.0,3,-1
17,0.0,2,1
0,0.0,1,1
13,0.0,1,1
45,0.0,1,1
86,103.0,8,-1
0,0.0,1,1
21,0.0,1,1
50,7.0,1,1
0,0.0,1,1
0,0.0,1,1
0,0.0,0,1
55,63.0,7,-1
29,45.0,0,1
56,104.0,3,-1
90,79.0,9,-1
65,66.0,7,-1
101,109.0,8,-1
64,59.0,5,-1
4,50.0,1,1
83,54.0,4,-1
9,25.0,0,1
61,84.0,1,1
55,62.0,2,-1
79,74.0,5,-1
63,55.0,4,-1
53,105.0,5,-1
99,72.0,3,-1
17,40.0,1,1
22,28.0,4,1
22,42.0,2,1
11,19.0,3,1
78,37.0,2,-1
44,28.0,2,1
57,41.0,3,-1
22,45.0,5,1
29,4.0,6,1
6,2.0,3,1
20,3.0,4,1
46,15.0,2,1
29,41.0,2,1
33,38.0,1,1
45,21.0,2,1
85,74.0,3,-1
42,1.0,2,1
19,41.0,6,1
39,32.0,8,1
45,34.0,1,1
6,20.0,2,1
12,42.0,1,1
55,52.0,2,-1
10,35.0,1,1
46,13.0,1,1
13,36.0,2,1
46,17.0,0,1
23,25.0,2,1
10,35.0,1,1
3,44.0,2,1
24,38.0,2,1
28,22.0,7,1
42,20.0,0,1
8,20.0,7,1
33,43.0,3,1
10,10.0,5,1
8,7.0,4,1
28,40.0,4,1
38,34.0,8,1
7,27.0,4,1
44,20.0,1,1
38,29.0,7,1
10,28.0,1,1
24,0.0,1,1
33,16.0,1,1
23,34.0,2,1
60,66.0,2,-1
8,8.0,6,1
33,43.0,2,1
15,26.0,5,1
14,23.0,1,1
40,1.0,5,1
33,28.0,1,1
5,31.0,1,1
46,27.0,2,1
44,33.0,1,1
32,17.0,2,1
12,40.0,5,1
32,47.0,2,1
20,19.0,1,1
19,13.0,4,1
77,95.0,2,-1
33,34.0,3,1
8,33.0,2,1
4,45.0,9,1
31,47.0,0,1
35,35.0,2,1
17,30.0,3,1
30,15.0,3,1
2,31.0,3,1
0,20.0,1,1
43,45.0,5,-1
30,8.0,2,1
3,4.0,2,1
39,41.0,3,1
24,24.0,2,1
45,31.0,4,1
11,36.0,0,1
2,18.0,2,1
40,31.0,0,1
21,17.0,4,1
19,6.0,2,1
29,13.0,1,1
25,5.0,2,1
6,16.0,3,1
17,27.0,1,1
1,34.0,1,1
15,42.0,2,1
40,22.0,5,1
25,35.0,1,1
7,6.0,4,1
21,36.0,3,1
59,63.0,2,-1
22,0.0,1,1
63,52.0,2,-1
26,40.0,0,1
33,13.0,3,1
35,38.0,4,1
15,18.0,3,1
23,20.0,1,1
18,37.0,4,1
26,40.0,0,1
52,60.0,3,-1
52,60.0,3,-1
37,19.0,0,1
80,70.0,5,-1
36,5.0,1,1
45,85.0,5,1
0,40.0,0,1
80,70.0,5,-1
22,16.0,1,1
28,28.0,0,1
52,60.0,3,-1
52,60.0,3,-1
0,0.0,1,1
36,0.0,1,1
22,27.0,2,1
44,39.0,2,1
24,49.0,2,1
40,18.0,1,1
0,0.0,1,1
33,15.0,1,1
0,0.0,0,1
17,17.0,1,1
12,5.0,1,1
1,37.0,0,1
15,24.0,0,1
37,14.0,2,1
14,2.0,1,1
49,39.0,2,1
2,14.0,0,1
0,19.0,1,1
2,0.0,0,1
22,35.0,1,1
36,19.0,2,1
13,20.0,1,1
1,46.0,3,1
1,17.0,1,1
21,6.0,2,1
13,10.0,1,1
18,38.0,0,1
24,15.0,1,1
4,18.0,1,1
0,0.0,1,1
22,13.0,1,1
11,0.0,0,1
13,12.0,0,1
18,23.0,2,1
23,14.0,0,1
78,30.0,1,-1
0,0.0,1,1
4,32.0,0,1
0,0.0,3,1
0,0.0,0,1
0,0.0,1,1
30,39.0,0,1
33,26.0,1,1
0,0.0,0,1
0,0.0,1,1
0,37.0,1,1
0,0.0,1,1
3,5.0,1,1
5,0.0,0,1
0,0.0,2,1
0,0.0,0,1
0,0.0,0,1
66,45.0,1,-1
3,2.0,1,1
50,11.0,2,-1
2,8.0,2,1
0,0.0,1,1
45,40.0,1,1
0,0.0,0,1
17,50.0,1,1
39,75.0,1,1
18,47.0,1,1
55,75.0,1,1
3,11.0,3,1
60,54.0,1,1
54,69.0,1,1
4,42.0,1,1
23,6.0,2,1
47,44.0,0,1
42,43.0,0,1
29,50.0,1,1
6,49.0,1,1
53,45.0,1,1
26,63.0,1,1
55,76.0,0,-1
32,53.0,1,1
23,45.0,2,1
32,55.0,1,1
29,52.0,2,1
14,48.0,1,1
17,48.0,1,1
30,5.0,0,1
78,55.0,2,-1
11,4.0,0,1
34,8.0,2,1
67,72.0,0,-1
54,45.0,1,1
50,41.0,0,1
55,46.0,1,1
16,46.0,0,1
44,37.0,0,1
7,15.0,2,1
60,55.0,1,-1
59,78.0,5,-1
20,3.0,0,1
45,50.0,3,-1
32,48.0,1,1
8,5.0,2,1
34,41.0,1,1
67,59.0,1,-1
28,21.0,0,1
37,45.0,0,1
46,6.0,3,1
21,27.0,1,1
46,3.0,0,1
74,52.0,3,-1
12,34.0,2,-1
42,3.0,0,1
57,13.0,1,1
42,3.0,1,1
21,36.0,0,1
65,25.0,3,1
63,12.0,1,1
75,31.0,3,1
52,15.0,1,1
60,35.0,3,1
73,35.0,0,1
62,48.0,1,1
79,30.0,1,1
56,3.0,1,1
4,32.0,1,1
45,19.0,0,1
78,37.0,1,1
67,55.0,1,-1
31,12.0,1,1
30,10.0,1,1
74,59.0,1,-1
40,28.0,1,1
72,36.0,1,1
74,27.0,0,1
64,19.0,0,1
79,31.0,1,1
65,43.0,1,1
47,18.0,0,1
76,58.0,1,-1
45,9.0,2,1
55,52.0,1,-1
67,34.0,1,1
45,7.0,1,-1
55,27.0,0,1
74,42.0,2,1
53,52.0,0,-1
56,46.0,0,-1
56,52.0,1,-1
59,55.0,1,-1
66,2.0,1,1
0,34.0,3,1
76,16.0,0,1
0,14.0,3,1
79,17.0,1,1
62,30.0,1,1
66,80.0,3,-1
0,43.0,1,1
44,48.0,1,1
49,43.0,2,1
0,42.0,1,1
55,38.0,3,1
0,0.0,1,1
13,0.0,1,1
0,0.0,0,1
9,0.0,2,1
12,0.0,0,1
36,0.0,1,1
1,0.0,5,1
0,0.0,1,1
0,0.0,1,1
16,0.0,10,1
0,0.0,1,1
0,0.0,2,1
0,0.0,0,1
0,0.0,2,1
0,0.0,0,1
0,0.0,1,1
1,0.0,1,1
0,0.0,0,1
0,0.0,0,1
0,0.0,1,1
0,0.0,1,1
20,9.0,1,1
26,24.0,1,1
0,0.0,2,1
0,0.0,2,1
0,0.0,1,1
0,0.0,2,1
12,0.0,1,1
24,0.0,1,1
6,14.0,2,1
95,75.0,3,-1
0,0.0,1,1
4,0.0,5,1
0,0.0,1,1
0,0.0,6,1
0,0.0,1,1
0,0.0,0,1
0,0.0,1,1
0,0.0,0,1
0,0.0,1,1
0,0.0,1,1
0,0.0,1,1
0,0.0,1,1
37,24.0,1,1
9,7.0,0,1
17,8.0,1,1
0,0.0,0,1
9,44.0,1,1
0,0.0,1,1
96,76.0,0,-1
30,36.0,2,1
0,0.0,2,1
37,12.0,1,1
2,0.0,1,1
0,0.0,1,1
16,14.0,3,1
20,44.0,2,1
37,40.0,0,1
35,35.0,1,1
0,0.0,1,1
0,0.0,1,1
0,0.0,0,1
0,0.0,1,1
0,0.0,1,1
27,43.0,1,1
21,38.0,1,1
0,0.0,1,1
34,0.0,3,1
0,0.0,1,1
7,12.0,0,1
58,33.0,1,1
30,31.0,1,1
0,0.0,0,1
53,9.0,1,1
0,21.0,8,1
98,85.0,3,-1
34,39.0,0,1
36,43.0,1,1
1,1.0,2,1
12,8.0,1,1
5,26.0,0,1
63,36.0,0,1
35,21.0,0,1
0,0.0,0,1
57,60.0,2,-1
17,14.0,1,1
39,22.0,3,1
51,65.0,0,-1
0,0.0,0,1
0,0.0,1,1
0,0.0,1,1
51,70.0,0,-1
0,0.0,0,1
0,0.0,2,1
1,3.0,0,1
24,11.0,0,1
0,0.0,6,1
0,0.0,1,1
0,0.0,0,1
1,0.0,3,1
0,0.0,1,1
3,18.0,0,1
0,0.0,1,1
0,0.0,2,1
85,67.0,5,-1
10,0.0,0,1
12,0.0,3,1
40,0.0,1,1
0,0.0,1,1
5,0.0,1,1
0,0.0,0,1
0,0.0,1,1
0,0.0,1,1
0,0.0,1,1
2,0.0,2,1
0,43.0,0,1
0,46.0,0,1
0,0.0,0,1
0,10.0,0,1
0,0.0,1,1
1,3.0,3,1
31,0.0,1,1
0,0.0,0,1
0,0.0,2,1
0,0.0,1,1
0,0.0,0,1
22,38.0,2,1
0,23.0,0,1
0,0.0,1,1
24,19.0,2,1
38,22.0,2,1
3,0.0,1,1
30,25.0,2,1
22,23.0,2,1
0,0.0,0,1
21,50.0,3,1
0,0.0,2,1
0,0.0,1,1
79,99.0,1,-1
0,0.0,1,1
11,5.0,2,1
0,0.0,1,1
0,0.0,0,1
42,4.0,3,1
0,0.0,1,1
1,0.0,1,1
48,13.0,0,1
24,12.0,1,1
0,22.0,0,1
0,0.0,1,1
0,0.0,0,1
3,17.0,1,1
43,6.0,2,1
6,0.0,1,1
22,0.0,1,1
19,0.0,5,1
50,35.0,4,1
0,34.0,1,1
0,42.0,1,1
0,43.0,1,1
0,3.0,0,1
12,0.0,1,1
0,0.0,3,1
0,2.0,0,1
7,0.0,2,1
38,0.0,1,1
0,0.0,0,1
0,48.0,5,1
1,13.0,0,1
34,37.0,0,1
25,0.0,1,1
0,49.0,0,1
40,6.0,1,1
67,59.0,0,-1
12,0.0,0,1
1,0.0,6,1
89,91.0,3,-1
0,46.0,0,1
0,0.0,0,1
57,29.0,1,1
73,83.0,2,-1
8,0.0,1,1
63,31.0,1,1
73,7.0,0,1
60,42.0,1,1
85,17.0,1,1
82,50.0,1,1
82,45.0,0,1
68,0.0,1,1
59,16.0,0,1
77,11.0,1,1
23,6.0,1,1
60,2.0,0,1
57,46.0,1,1
23,6.0,0,1
80,27.0,0,1
57,39.0,2,1
27,12.0,0,1
68,9.0,1,1
44,51.0,1,1
26,30.0,2,1
53,33.0,0,1
30,6.0,1,1
25,45.0,0,1
60,11.0,2,1
40,3.0,1,1
48,13.0,0,1
64,40.0,3,1
58,7.0,0,1
44,11.0,1,1
57,42.0,1,1
62,26.0,0,1
43,24.0,1,1
53,26.0,1,1
62,40.0,0,1
29,41.0,1,1
26,41.0,0,1
83,17.0,1,1
74,44.0,1,1
45,23.0,0,1
53,16.0,2,1
34,9.0,1,1
61,30.0,0,1
27,19.0,1,1
39,55.0,0,1
34,42.0,1,1
34,23.0,0,1
36,55.0,1,1
69,53.0,0,1
18,11.0,1,1
1,19.0,1,1
38,10.0,3,1
21,21.0,1,1
58,9.0,0,-1
54,38.0,2,1
40,31.0,3,1
18,3.0,1,1
10,10.0,1,1
53,21.0,1,1
13,27.0,1,1
15,66.0,1,1
75,19.0,2,1
14,20.0,0,1
11,39.0,3,1
10,7.0,8,1
73,3.0,0,1
58,33.0,0,1
38,12.0,1,1
33,74.0,1,1
14,65.0,2,1
66,68.0,1,1
1,12.0,4,1
34,67.0,0,1
12,75.0,0,1
13,63.0,4,1
45,24.0,4,-1
9,23.0,1,1
56,70.0,0,1
21,58.0,1,1
60,38.0,2,1
72,55.0,2,1
22,8.0,1,1
68,4.0,2,1
10,39.0,1,-1
72,74.0,2,1
4,30.0,0,1
18,12.0,1,-1
15,56.0,2,-1
70,18.0,2,1
7,61.0,0,1
51,5.0,2,1
5,38.0,1,1
15,71.0,1,1
3,25.0,1,1
37,73.0,0,1
2,37.0,0,1
0,43.0,1,1
0,18.0,0,1
36,0.0,4,1
0,39.0,0,1
18,0.0,1,1
12,34.0,0,1
0,25.0,2,1
0,0.0,3,1
0,0.0,0,1
0,0.0,2,1
76,99.0,1,-1
17,32.0,2,1
2,0.0,7,1
0,0.0,1,1
0,0.0,1,1
0,0.0,1,1
0,0.0,2,1
16,0.0,1,1
0,0.0,4,1
0,0.0,2,1
21,10.0,0,1
44,3.0,1,1
4,0.0,1,1
19,10.0,3,1
30,0.0,0,1
32,9.0,0,1
49,43.0,1,1
0,0.0,0,1
0,0.0,1,1
58,22.0,1,1
54,23.0,1,1
27,42.0,1,1
0,0.0,4,1
36,35.0,2,1
56,61.0,1,-1
40,39.0,3,1
0,0.0,2,1
1,0.0,0,1
0,0.0,1,1
1,0.0,2,1
0,0.0,1,1
0,0.0,2,1
0,0.0,1,1
0,0.0,1,1
0,0.0,1,1
0,0.0,0,1
1,0.0,1,1
0,0.0,0,1
0,0.0,3,1
0,0.0,1,1
0,0.0,2,1
0,0.0,1,1
0,0.0,1,1
0,4.0,1,1
0,0.0,0,1
0,10.0,2,1
0,0.0,1,1
0,0.0,1,1
0,0.0,1,1
7,0.0,1,1
49,0.0,1,1
0,0.0,1,1
6,0.0,1,1
0,0.0,1,1
0,0.0,0,1
0,0.0,1,1
0,0.0,1,1
0,0.0,0,1
0,17.0,2,1
0,39.0,0,1
100,60.0,3,-1
63,97.0,3,-1
0,0.0,1,1
0,0.0,1,1
46,32.0,1,1
30,33.0,0,1
0,0.0,1,1
37,28.0,1,1
2,23.0,0,1
23,2.0,0,1
0,0.0,1,1
19,48.0,2,1
69,73.0,10,-1
41,25.0,1,1
32,47.0,0,1
22,35.0,0,1
0,40.0,0,1
15,2.0,1,1
41,11.0,0,1
0,0.0,1,1
36,42.0,0,1
23,26.0,1,1
64,1.0,2,1
7,9.0,1,1
6,49.0,1,1
53,72.0,1,-1
44,42.0,0,1
61,91.0,1,-1
7,19.0,1,1
55,6.0,0,1
41,4.0,5,1
73,8.0,2,1
77,35.0,0,1
56,67.0,1,-1
29,2.0,1,1
73,14.0,1,1
1,16.0,1,1
52,68.0,1,-1
52,80.0,1,-1
26,11.0,0,1
67,76.0,1,-1
45,73.0,3,-1
70,71.0,1,-1
65,57.0,1,-1
22,3.0,0,1
57,72.0,1,-1
61,39.0,1,1
57,60.0,2,-1
67,9.0,0,1
11,21.0,0,1
40,12.0,0,1
32,37.0,0,1
59,52.0,0,-1
11,31.0,0,1
31,36.0,0,1
17,22.0,0,1
13,22.0,0,1
15,22.0,0,1
5,33.0,0,1
13,37.0,1,1
0,22.0,1,1
9,19.0,0,1
62,73.0,1,-1
46,29.0,1,1
6,42.0,1,1
4,23.0,0,1
10,49.0,0,1
46,49.0,1,1
7,36.0,1,1
61,14.0,1,1
10,32.0,1,1
34,30.0,0,1
65,76.0,0,-1
64,25.0,1,1
64,87.0,1,-1
7,10.0,0,1
67,86.0,0,-1
13,42.0,1,1
45,28.0,0,1
58,96.0,0,-1
5,35.0,1,1
59,54.0,0,-1
7,34.0,0,1
58,96.0,1,-1
52,40.0,2,1
66,34.0,1,1
1,43.0,1,-1
40,42.0,1,-1
13,0.0,0,1
63,75.0,1,-1
17,0.0,0,1
62,86.0,1,-1
41,43.0,0,1
63,119.0,2,-1
1,39.0,1,1
53,52.0,0,1
23,22.0,0,1
19,21.0,1,1
75,54.0,2,-1
76,20.0,0,1
101,23.0,2,-1
70,32.0,0,1
12,29.0,0,1
64,48.0,0,1
36,19.0,1,1
54,107.0,2,-1
0,11.0,0,1
51,88.0,0,-1
34,33.0,0,1
45,21.0,1,1
76,58.0,0,-1
58,0.0,1,1
13,12.0,1,1
3,0.0,0,1
64,33.0,0,-1
0,0.0,2,1
0,0.0,3,1
37,18.0,1,1
25,21.0,1,-1
0,0.0,1,1
0,0.0,3,1
75,77.0,7,-1
0,0.0,1,1
0,0.0,1,1
109,65.0,4,-1
6,0.0,1,1
1,0.0,0,1
77,107.0,8,-1
0,0.0,2,1
0,0.0,0,1
0,0.0,1,1
0,0.0,0,1
0,0.0,1,1
0,0.0,0,1
0,0.0,1,1
106,62.0,2,-1
63,93.0,3,-1
108,56.0,1,-1
74,59.0,1,-1
41,0.0,0,1
26,0.0,1,1
0,0.0,3,1
37,7.0,0,1
0,0.0,0,1
57,19.0,0,1
13,45.0,3,1
28,27.0,2,1
0,0.0,0,1
50,0.0,1,1
0,0.0,0,1
0,0.0,1,1
83,90.0,2,-1
95,77.0,1,-1
77,88.0,5,-1
7,0.0,5,-1
65,51.0,1,-1
2,0.0,2,1
0,0.0,1,1
52,99.0,5,-1
93,74.0,10,-1
0,0.0,1,1
105,102.0,9,-1
1,0.0,1,1
0,0.0,1,1
92,104.0,5,-1
40,12.0,0,1
0,0.0,3,1
60,36.0,6,1
50,49.0,1,1
32,26.0,1,1
63,51.0,3,-1
29,48.0,3,1
86,103.0,5,-1
38,45.0,1,1
26,1.0,3,1
109,80.0,5,-1
6,0.0,0,1
54,0.0,1,1
67,91.0,3,-1
58,5.0,1,1
47,0.0,1,1
82,71.0,5,-1
0,0.0,0,1
53,100.0,2,-1
71,108.0,4,-1
56,1.0,1,1
101,74.0,4,-1
105,53.0,3,-1
0,0.0,0,1
0,0.0,0,1
45,36.0,1,1
6,37.0,2,1
84,52.0,5,-1
50,98.0,3,-1
37,29.0,1,1
84,61.0,3,-1
100,53.0,1,-1
0,0.0,3,1
0,0.0,1,1
24,21.0,1,1
0,0.0,0,1
43,28.0,2,1
46,43.0,0,1
80,89.0,3,-1
13,13.0,4,1
66,82.0,1,-1
28,31.0,2,1
104,56.0,4,-1
27,41.0,2,1
22,26.0,1,1
36,17.0,2,1
40,7.0,6,1
14,26.0,0,1
28,37.0,4,1
27,15.0,2,1
18,6.0,4,1
4,47.0,1,1
46,27.0,2,1
35,25.0,5,1
27,21.0,0,1
12,47.0,2,1
5,35.0,0,1
88,11.0,7,-1
13,31.0,5,1
52,85.0,4,-1
85,62.0,1,-1
33,35.0,0,1
46,10.0,1,1
45,36.0,3,1
3,17.0,4,1
11,46.0,0,1
30,16.0,0,1
22,7.0,1,1
28,18.0,3,1
34,26.0,2,1
42,31.0,8,1
39,27.0,3,1
1,31.0,1,1
21,16.0,0,1
3,15.0,1,1
32,19.0,2,1
85,18.0,1,-1
19,2.0,5,1
3,18.0,1,1
16,45.0,1,1
7,15.0,2,1
46,15.0,1,1
34,23.0,1,1
25,39.0,1,1
14,24.0,1,1
17,39.0,3,1
19,38.0,9,1
11,8.0,2,1
27,26.0,2,1
33,30.0,1,1
1,39.0,2,1
2,20.0,1,1
46,4.0,2,1
40,9.0,0,1
22,28.0,0,1
27,16.0,2,1
15,18.0,3,1
7,28.0,3,1
3,27.0,2,1
45,41.0,2,1
38,6.0,1,1
5,24.0,1,1
15,14.0,1,1
29,32.0,5,1
8,21.0,1,1
6,29.0,2,1
4,4.0,2,1
25,3.0,1,1
29,16.0,3,1
27,2.0,0,1
18,36.0,1,1
37,33.0,1,1
29,2.0,5,1
42,18.0,4,1
32,36.0,1,1
29,5.0,2,1
24,22.0,3,1
26,26.0,2,1
43,46.0,2,1
8,27.0,2,1
25,31.0,3,1
24,3.0,1,1
39,5.0,5,1
59,62.0,6,-1
4,38.0,2,1
18,35.0,1,1
27,0.0,1,1
1,16.0,0,1
34,46.0,5,1
4,26.0,1,1
25,42.0,2,1
4,6.0,2,1
23,44.0,1,1
6,45.0,1,1
30,37.0,2,1
33,45.0,3,1
25,3.0,2,1
66,66.0,3,-1
22,18.0,4,1
6,37.0,2,1
15,22.0,0,1
27,1.0,2,1
21,31.0,1,1
29,27.0,1,1
49,36.0,0,1
31,30.0,1,1
14,1.0,3,1
16,36.0,1,1
2,10.0,1,1
45,34.0,1,1
26,34.0,4,1
31,18.0,0,1
33,28.0,0,1
42,28.0,0,1
84,20.0,4,-1
84,20.0,4,-1
84,20.0,4,-1
15,22.0,1,1
45,44.0,0,1
84,20.0,4,-1
37,17.0,1,1
16,23.0,1,1
84,20.0,4,-1
84,20.0,4,-1
23,31.0,3,1
84,20.0,5,-1
84,20.0,4,-1
84,20.0,4,-1
84,20.0,4,-1
84,20.0,4,-1
31,16.0,1,1
18,9.0,1,1
13,15.0,1,1
17,11.0,1,1
46,38.0,0,1
41,21.0,0,1
29,28.0,1,1
15,42.0,2,1
77,85.0,3,-1
42,15.0,0,1
21,23.0,1,1
40,12.0,0,1
77,85.0,3,-1
0,6.0,0,1
77,85.0,3,-1
33,41.0,1,1
0,34.0,3,1
35,36.0,0,1
6,29.0,0,1
5,0.0,2,1
0,0.0,1,1
0,0.0,0,1
19,29.0,1,1
0,0.0,0,1
4,0.0,2,1
0,0.0,0,1
0,0.0,0,1
42,81.0,1,1
20,36.0,0,1
0,0.0,0,1
21,30.0,1,1
13,12.0,1,1
22,5.0,1,1
6,23.0,4,1
0,0.0,1,1
0,0.0,1,1
66,50.0,1,-1
45,20.0,6,1
45,52.0,4,1
12,22.0,2,1
75,25.0,2,-1
0,38.0,0,1
16,0.0,0,1
0,0.0,1,1
0,0.0,0,1
22,40.0,0,1
5,79.0,0,1
38,4.0,0,1
37,56.0,1,1
46,47.0,0,1
48,16.0,1,1
9,55.0,1,1
14,2.0,0,1
56,31.0,0,1
59,63.0,0,-1
2,49.0,0,1
4,51.0,1,1
40,42.0,0,1
68,26.0,1,1
47,15.0,3,1
55,1.0,0,1
16,45.0,0,1
43,1.0,1,1
36,23.0,0,1
74,65.0,0,-1
8,15.0,1,1
55,76.0,1,1
54,62.0,0,-1
57,74.0,0,1
2,43.0,4,1
38,50.0,1,1
42,35.0,0,1
59,61.0,0,1
60,68.0,0,-1
32,50.0,1,1
55,45.0,2,1
35,29.0,0,1
45,47.0,2,1
9,37.0,2,1
6,54.0,0,1
3,44.0,0,1
40,42.0,1,1
56,53.0,2,-1
48,44.0,1,1
55,49.0,1,1
15,41.0,1,1
77,1.0,2,1
32,67.0,1,1
24,76.0,0,1
78,69.0,0,-1
65,17.0,0,1
56,52.0,1,-1
69,8.0,2,1
41,6.0,2,1
25,34.0,1,1
43,27.0,1,1
50,12.0,1,1
64,22.0,2,1
43,49.0,1,1
52,59.0,1,-1
22,24.0,1,1
53,32.0,0,1
67,59.0,3,-1
63,21.0,1,1
1,34.0,1,1
57,53.0,1,-1
52,9.0,1,1
34,41.0,0,1
30,13.0,1,1
42,17.0,1,1
61,38.0,1,1
56,51.0,2,-1
59,58.0,0,-1
43,47.0,10,1
72,25.0,1,1
48,77.0,1,1
39,3.0,1,1
59,66.0,1,-1
44,10.0,1,1
65,17.0,1,1
0,1.0,0,1
0,38.0,1,1
0,0.0,2,1
76,51.0,1,-1
0,0.0,4,1
0,2.0,2,1
44,17.0,3,1
20,43.0,1,1
51,6.0,1,1
59,55.0,1,-1
34,18.0,0,1
0,0.0,5,1
11,6.0,0,1
0,3.0,1,1
0,0.0,1,1
0,0.0,2,1
0,0.0,0,1
0,0.0,1,1
70,44.0,0,1
0,0.0,1,1
66,32.0,0,1
0,0.0,3,1
0,0.0,0,1
7,0.0,1,1
72,6.0,2,-1
0,41.0,1,1
11,0.0,1,1
31,3.0,2,1
33,0.0,0,1
12,40.0,1,1
0,0.0,1,1
0,0.0,1,1
0,37.0,1,1
67,2.0,1,1
41,28.0,1,1
39,0.0,0,1
45,32.0,2,1
0,0.0,1,1
82,83.0,2,-1
0,0.0,0,1
0,0.0,1,1
4,42.0,1,1
2,4.0,2,1
0,0.0,0,1
0,0.0,2,1
0,0.0,4,1
19,22.0,1,1
0,1.0,1,1
7,30.0,1,1
0,0.0,1,1
0,0.0,0,1
74,73.0,1,-1
0,0.0,2,1
61,33.0,1,1
0,0.0,1,1
72,16.0,1,1
0,0.0,2,1
0,0.0,2,1
0,0.0,0,1
0,0.0,0,1
0,0.0,0,1
0,4.0,2,1
42,4.0,1,1
8,33.0,0,1
0,0.0,1,1
9,28.0,4,1
0,0.0,2,1
43,45.0,0,1
28,0.0,0,1
18,1.0,1,1
0,0.0,2,1
0,0.0,1,1
62,26.0,3,1
0,0.0,0,1
0,0.0,0,1
0,0.0,3,1
23,2.0,0,1
18,37.0,0,1
13,10.0,1,1
0,0.0,1,1
59,21.0,1,1
1,0.0,1,1
0,0.0,1,1
5,0.0,0,1
79,35.0,0,1
41,0.0,0,1
23,0.0,0,1
0,0.0,0,1
1,0.0,0,1
28,0.0,1,1
71,5.0,0,1
0,0.0,1,1
43,3.0,2,1
1,0.0,4,1
0,1.0,3,1
0,0.0,0,1
77,41.0,0,1
56,27.0,1,1
0,0.0,3,1
9,7.0,0,1
25,16.0,1,1
0,50.0,0,1
20,42.0,2,1
0,0.0,0,1
43,39.0,2,1
19,29.0,2,1
0,0.0,2,1
14,13.0,1,1
56,60.0,2,-1
0,0.0,2,1
0,0.0,0,1
0,0.0,1,1
1,0.0,0,1
39,0.0,2,1
62,45.0,0,1
0,0.0,0,1
49,6.0,1,1
0,0.0,2,1
33,0.0,2,1
0,0.0,1,1
0,19.0,1,1
38,44.0,1,1
0,0.0,0,1
7,0.0,0,1
0,11.0,1,1
0,0.0,2,1
45,0.0,0,1
0,2.0,0,1
0,6.0,0,1
0,0.0,0,1
0,0.0,1,1
7,0.0,2,1
0,0.0,1,1
0,0.0,2,1
0,0.0,2,1
56,62.0,2,-1
21,10.0,1,1
35,9.0,2,1
86,96.0,4,-1
44,44.0,2,1
67,4.0,1,1
37,15.0,1,1
39,43.0,0,1
33,34.0,1,1
29,0.0,0,1
69,32.0,2,1
0,0.0,1,1
20,0.0,0,1
27,0.0,1,1
65,41.0,1,1
0,0.0,1,1
88,93.0,1,-1
11,24.0,1,1
0,0.0,0,1
1,0.0,1,1
0,0.0,1,1
0,0.0,1,1
0,29.0,0,1
0,0.0,0,1
0,0.0,3,1
0,0.0,0,1
30,7.0,1,1
0,0.0,0,1
40,35.0,1,1
18,34.0,5,1
0,0.0,0,1
0,0.0,1,1
21,24.0,1,1
0,0.0,1,1
0,0.0,1,1
0,0.0,1,1
29,2.0,0,1
0,0.0,0,1
0,0.0,2,1
31,26.0,4,1
0,0.0,3,1
0,0.0,4,1
0,28.0,1,1
0,18.0,1,1
21,13.0,0,1
25,0.0,1,1
0,26.0,2,1
0,0.0,1,1
0,0.0,0,1
28,3.0,2,1
0,0.0,1,1
0,0.0,0,1
0,0.0,3,1
34,29.0,0,1
0,45.0,2,1
2,0.0,1,1
0,0.0,0,1
9,4.0,2,1
17,0.0,2,1
0,50.0,1,1
0,0.0,5,1
1,28.0,0,1
0,1.0,0,1
27,1.0,1,1
62,26.0,2,1
1,15.0,2,1
26,54.0,0,1
43,41.0,1,1
63,1.0,0,1
26,40.0,0,1
37,12.0,2,1
59,6.0,1,1
60,44.0,2,1
72,66.0,4,1
82,28.0,0,1
39,30.0,1,1
65,18.0,1,1
13,25.0,1,1
40,14.0,0,1
64,1.0,1,1
63,54.0,1,1
54,61.0,1,1
48,4.0,0,1
0,0.0,2,1
36,36.0,2,1
52,52.0,1,1
17,67.0,1,1
68,44.0,0,1
41,47.0,1,1
31,30.0,0,1
42,49.0,5,1
66,38.0,0,1
49,9.0,0,-1
64,12.0,2,-1
5,38.0,2,1
40,51.0,1,1
62,54.0,0,1
26,15.0,4,1
67,30.0,2,1
66,6.0,2,1
58,9.0,0,-1
58,27.0,0,1
21,30.0,1,1
28,16.0,0,1
44,65.0,0,1
56,55.0,1,1
3,61.0,1,1
12,19.0,1,1
36,26.0,1,1
74,20.0,2,1
5,35.0,1,1
22,41.0,0,1
47,74.0,1,1
71,53.0,0,1
25,7.0,3,1
74,39.0,1,1
55,58.0,0,-1
0,26.0,0,1
85,43.0,3,1
14,53.0,1,1
83,34.0,0,1
25,48.0,0,1
48,39.0,0,1
69,15.0,0,1
70,36.0,3,1
27,0.0,0,1
58,52.0,2,1
33,4.0,0,1
66,23.0,1,1
75,9.0,4,-1
19,57.0,4,1
3,8.0,1,1
13,0.0,0,1
0,2.0,0,1
47,29.0,1,1
51,30.0,3,1
10,36.0,2,1
0,0.0,3,1
57,28.0,1,1
75,8.0,0,1
78,36.0,2,1
11,10.0,2,1
79,52.0,0,1
0,45.0,2,1
55,33.0,0,1
0,7.0,2,1
4,0.0,1,1
71,25.0,1,1
29,0.0,2,1
0,0.0,5,1
50,12.0,0,1
63,26.0,1,1
24,0.0,1,1
77,42.0,0,1
49,34.0,1,1
0,3.0,1,1
51,14.0,0,1
14,6.0,2,1
9,67.0,3,1
19,27.0,1,1
32,13.0,1,1
19,0.0,0,1
0,0.0,2,1
10,26.0,2,1
35,7.0,0,1
2,69.0,1,1
16,39.0,0,1
55,27.0,2,1
30,33.0,0,1
1,13.0,1,1
0,0.0,0,1
0,0.0,1,1
31,24.0,1,1
0,0.0,0,1
0,0.0,2,1
9,0.0,0,1
0,0.0,0,1
0,0.0,1,1
0,24.0,2,1
18,12.0,0,1
34,33.0,1,1
70,38.0,1,1
0,12.0,1,1
17,29.0,2,1
0,0.0,1,1
0,0.0,2,1
0,0.0,1,1
0,0.0,3,1
0,0.0,0,1
0,0.0,1,1
0,0.0,1,1
0,0.0,0,1
0,0.0,0,1
0,0.0,1,1
2,0.0,1,1
0,22.0,2,1
0,1.0,8,1
0,0.0,1,1
34,15.0,1,1
19,44.0,1,1
0,0.0,1,1
0,0.0,1,1
26,0.0,1,1
0,0.0,0,1
0,0.0,3,1
46,0.0,0,1
1,11.0,3,1
52,14.0,7,1
0,0.0,0,1
0,2.0,0,1
40,69.0,2,1
0,0.0,4,1
0,0.0,0,1
35,7.0,3,1
36,27.0,1,1
0,0.0,1,1
0,0.0,1,1
21,17.0,1,1
36,19.0,1,1
0,5.0,1,1
27,0.0,0,1
0,0.0,0,1
0,0.0,0,1
0,0.0,1,1
0,33.0,0,1
0,0.0,0,1
0,0.0,1,1
31,63.0,1,1
0,0.0,0,1
75,4.0,0,1
0,0.0,0,1
22,0.0,2,1
45,22.0,0,1
50,38.0,0,1
0,0.0,0,1
0,0.0,2,1
0,0.0,0,1
0,0.0,2,1
5,47.0,0,1
69,66.0,2,-1
28,37.0,2,1
58,13.0,1,1
61,55.0,2,-1
38,25.0,1,1
17,1.0,1,1
4,35.0,0,-1
4,49.0,3,1
46,10.0,4,1
57,44.0,1,1
0,0.0,1,1
20,34.0,2,1
79,68.0,1,-1
58,55.0,0,-1
12,29.0,0,1
29,46.0,0,1
13,21.0,1,1
56,4.0,1,1
23,46.0,1,1
63,28.0,1,1
2,47.0,2,1
58,55.0,0,-1
9,26.0,1,1
8,12.0,2,1
62,57.0,0,-1
39,17.0,1,1
7,50.0,1,-1
49,11.0,2,1
77,25.0,2,1
72,22.0,0,1
49,10.0,1,1
10,11.0,0,1
61,87.0,1,-1
59,63.0,1,-1
56,78.0,1,-1
55,57.0,1,-1
19,5.0,2,1
65,48.0,0,1
7,51.0,1,-1
28,1.0,1,1
1,43.0,0,1
49,4.0,0,1
30,35.0,1,1
32,9.0,1,1
30,9.0,0,1
32,22.0,2,1
52,39.0,0,1
28,13.0,1,1
37,38.0,4,-1
52,55.0,0,-1
35,17.0,1,1
12,39.0,1,1
29,2.0,0,1
21,23.0,0,1
52,77.0,1,-1
50,139.0,0,-1
70,65.0,2,-1
5,22.0,1,1
22,22.0,0,1
62,22.0,0,-1
39,1.0,1,-1
8,14.0,0,1
61,69.0,0,-1
1,41.0,3,1
0,40.0,0,1
56,52.0,1,-1
3,14.0,0,1
12,22.0,1,1
22,31.0,3,-1
52,28.0,3,1
17,13.0,4,-1
19,11.0,0,1
27,28.0,7,-1
42,25.0,0,1
77,2.0,0,1
61,10.0,2,1
57,52.0,1,-1
53,40.0,0,1
63,70.0,1,-1
77,8.0,1,1
4,22.0,0,1
57,27.0,0,1
56,74.0,0,-1
35,20.0,0,1
22,48.0,0,1
65,28.0,1,1
37,10.0,0,1
38,6.0,2,1
51,63.0,1,-1
76,72.0,0,-1
25,35.0,1,1
48,31.0,0,-1
80,38.0,0,1
91,92.0,5,-1
95,94.0,1,-1
38,39.0,1,1
80,72.0,7,-1
78,12.0,2,1
7,34.0,2,1
71,79.0,3,-1
75,109.0,3,-1
0,0.0,0,1
0,0.0,0,1
102,86.0,5,-1
0,0.0,2,1
74,21.0,0,1
103,81.0,5,-1
0,0.0,1,1
19,36.0,1,1
43,11.0,1,1
78,110.0,8,-1
0,0.0,0,1
13,34.0,1,1
76,73.0,4,-1
105,88.0,4,-1
84,52.0,6,-1
92,56.0,9,-1
63,46.0,1,1
0,0.0,1,1
8,46.0,3,1
89,80.0,3,-1
109,75.0,2,-1
0,0.0,2,1
5,41.0,0,1
97,110.0,4,-1
0,0.0,0,1
0,0.0,3,1
51,58.0,1,-1
100,97.0,9,-1
0,0.0,1,1
74,62.0,5,-1
28,36.0,1,1
0,0.0,1,1
0,0.0,1,1
72,69.0,7,-1
39,39.0,2,1
102,69.0,9,-1
90,68.0,3,-1
0,0.0,1,1
0,0.0,3,1
43,41.0,4,1
0,0.0,1,1
73,91.0,10,-1
68,64.0,8,-1
0,0.0,0,1
37,12.0,2,1
15,46.0,1,1
46,22.0,0,1
23,4.0,8,1
20,32.0,1,1
75,110.0,5,-1
7,13.0,1,1
18,29.0,0,1
36,44.0,1,1
70,80.0,4,-1
6,36.0,4,1
24,18.0,1,1
53,14.0,0,1
0,21.0,1,1
108,71.0,2,-1
0,0.0,1,1
37,31.0,2,1
30,6.0,0,1
0,0.0,1,1
0,0.0,1,1
19,13.0,3,1
0,0.0,0,1
0,0.0,1,1
95,93.0,9,-1
0,0.0,1,1
56,0.0,4,1
94,94.0,9,-1
88,66.0,1,-1
74,69.0,9,-1
0,20.0,3,1
49,3.0,1,1
81,85.0,3,-1
0,0.0,1,1
0,0.0,2,1
98,93.0,2,-1
0,0.0,1,1
0,5.0,0,1
104,88.0,8,-1
7,11.0,1,1
0,38.0,1,1
56,95.0,1,-1
0,0.0,0,1
64,97.0,10,-1
70,55.0,7,-1
75,21.0,1,1
40,7.0,1,1
72,85.0,5,-1
16,31.0,0,1
75,53.0,4,-1
12,1.0,2,1
56,92.0,8,-1
69,79.0,2,-1
15,0.0,4,1
92,66.0,1,-1
52,81.0,3,-1
2,0.0,2,1
33,0.0,0,1
60,0.0,1,1
80,95.0,1,-1
0,0.0,0,1
0,0.0,1,1
0,0.0,1,1
0,0.0,1,1
57,33.0,0,1
57,76.0,1,-1
97,89.0,1,-1
34,0.0,0,1
10,0.0,1,-1
74,31.0,5,-1
42,47.0,0,1
47,4.0,1,1
72,84.0,8,-1
54,38.0,1,1
29,13.0,2,1
18,16.0,2,1
18,41.0,5,1
23,9.0,2,1
5,28.0,4,1
31,8.0,2,1
42,5.0,5,1
44,27.0,1,1
10,35.0,3,1
8,11.0,2,1
19,6.0,0,1
44,46.0,0,1
25,85.0,3,-1
39,11.0,1,1
63,45.0,4,-1
37,16.0,1,1
44,23.0,5,1
19,28.0,1,1
24,33.0,2,1
16,38.0,0,1
27,1.0,0,1
9,17.0,2,1
20,15.0,4,1
20,38.0,1,1
23,7.0,1,1
23,27.0,2,1
31,28.0,1,1
12,29.0,2,1
7,8.0,2,1
19,10.0,1,1
9,34.0,2,1
52,62.0,4,-1
4,32.0,1,1
15,2.0,2,1
27,23.0,6,1
42,36.0,1,1
10,23.0,1,1
21,74.0,5,-1
31,34.0,1,1
15,4.0,2,1
30,41.0,0,1
10,40.0,1,1
40,5.0,1,1
23,21.0,0,1
35,21.0,3,1
44,43.0,2,1
31,22.0,5,1
26,7.0,3,1
8,10.0,1,1
13,44.0,1,1
12,26.0,1,1
8,85.0,5,-1
3,43.0,3,1
19,12.0,1,1
42,31.0,2,1
12,13.0,1,1
29,5.0,1,1
31,18.0,0,1
25,62.0,0,-1
11,7.0,2,1
43,12.0,1,1
28,36.0,1,1
33,15.0,2,1
41,5.0,3,1
36,19.0,3,1
1,37.0,5,1
42,19.0,1,1
42,42.0,4,1
14,36.0,1,1
12,32.0,2,1
2,21.0,1,1
17,15.0,2,1
16,35.0,2,1
14,28.0,2,1
16,11.0,2,1
28,0.0,3,1
41,30.0,1,1
10,37.0,0,1
10,13.0,1,1
66,45.0,6,-1
28,12.0,0,1
34,33.0,0,1
38,0.0,4,1
55,25.0,2,-1
20,22.0,1,1
18,39.0,1,1
65,50.0,6,-1
44,12.0,1,1
40,27.0,0,1
0,0.0,1,1
66,85.0,3,-1
0,0.0,0,1
9,0.0,0,1
0,0.0,0,1
24,47.0,4,1
23,14.0,1,1
23,40.0,1,1
21,12.0,0,1
31,42.0,1,1
0,0.0,1,1
20,27.0,1,1
11,21.0,2,1
39,26.0,2,1
29,26.0,0,1
42,31.0,1,1
1,21.0,0,1
2,17.0,2,1
21,40.0,3,1
70,32.0,8,-1
0,0.0,2,1
17,8.0,0,1
16,17.0,1,1
4,40.0,0,1
12,25.0,0,1
66,85.0,3,-1
1,29.0,1,1
33,10.0,2,1
0,0.0,1,1
23,30.0,0,1
13,44.0,0,1
13,20.0,0,1
52,50.0,4,-1
0,0.0,1,1
0,35.0,2,1
9,4.0,1,1
66,85.0,3,-1
26,12.0,1,1
85,55.0,3,-1
66,85.0,3,-1
13,31.0,0,1
10,22.0,0,1
33,0.0,0,1
40,5.0,0,1
66,85.0,3,-1
0,0.0,0,1
56,88.0,2,-1
0,0.0,3,1
66,85.0,3,-1
23,0.0,0,1
3,0.0,0,1
12,37.0,1,1
24,15.0,2,1
0,16.0,3,1
12,77.0,0,1
31,65.0,1,1
58,71.0,0,-1
34,42.0,3,1
22,23.0,1,1
17,50.0,2,1
9,19.0,1,1
17,79.0,1,1
58,73.0,1,1
19,53.0,3,1
22,50.0,0,1
37,50.0,1,1
13,13.0,1,1
21,53.0,0,1
38,63.0,3,1
36,71.0,2,1
19,54.0,2,1
41,60.0,1,1
13,36.0,1,1
27,57.0,2,1
17,60.0,1,1
90,50.0,2,-1
16,63.0,1,1
30,70.0,2,1
23,15.0,0,1
49,60.0,2,1
33,17.0,4,1
58,48.0,2,1
52,76.0,4,-1
11,6.0,0,1
56,59.0,1,-1
52,41.0,3,1
54,64.0,1,-1
19,4.0,2,1
17,43.0,1,1
50,74.0,2,-1
21,9.0,2,1
18,5.0,1,1
37,4.0,0,1
32,3.0,1,1
17,42.0,1,1
20,50.0,0,1
16,46.0,2,1
42,18.0,2,1
43,39.0,4,1
52,9.0,1,1
56,53.0,1,-1
71,4.0,1,1
48,44.0,1,1
42,13.0,3,1
37,42.0,0,1
1,40.0,2,1
55,10.0,0,1
19,16.0,2,1
9,17.0,1,1
52,33.0,0,1
41,35.0,3,1
54,38.0,1,1
46,31.0,0,1
57,29.0,1,1
58,26.0,1,1
77,59.0,1,-1
46,52.0,0,-1
45,19.0,1,1
48,34.0,0,1
52,50.0,1,1
54,28.0,1,1
43,17.0,0,1
67,18.0,1,1
68,39.0,2,1
48,28.0,2,1
31,18.0,5,1
50,17.0,1,1
49,3.0,1,1
52,19.0,1,1
65,46.0,2,1
26,38.0,1,1
79,60.0,1,-1
21,20.0,4,1
48,0.0,4,1
53,27.0,8,1
56,23.0,3,1
48,42.0,1,1
60,52.0,4,-1
0,0.0,0,1
76,6.0,1,1
19,0.0,1,1
6,0.0,4,1
0,0.0,0,1
0,0.0,1,1
0,27.0,0,1
53,48.0,2,1
0,28.0,0,1
0,24.0,4,1
19,47.0,0,1
77,50.0,1,1
74,72.0,1,-1
59,41.0,3,1
0,21.0,3,1
66,7.0,5,1
0,0.0,0,1
15,0.0,1,1
17,30.0,0,1
0,0.0,1,1
45,78.0,3,-1
53,7.0,2,1
0,1.0,2,1
0,0.0,1,1
0,0.0,1,1
0,0.0,1,1
43,42.0,1,1
34,15.0,0,1
10,18.0,2,1
1,23.0,3,1
11,0.0,1,1
0,0.0,4,1
37,0.0,1,1
1,0.0,4,1
16,0.0,1,1
0,0.0,1,1
36,0.0,1,1
0,0.0,1,1
0,0.0,1,1
0,0.0,1,1
0,0.0,1,1
0,0.0,1,1
0,0.0,1,1
87,100.0,1,-1
17,0.0,3,1
2,0.0,1,1
2,0.0,1,1
39,6.0,0,1
0,0.0,3,1
18,0.0,0,1
25,0.0,2,1
0,0.0,1,1
0,0.0,0,1
0,0.0,0,1
0,0.0,1,1
38,21.0,4,1
0,0.0,0,1
0,0.0,1,1
0,34.0,1,1
0,1.0,2,1
0,0.0,4,1
0,0.0,0,1
0,13.0,4,1
30,8.0,2,1
0,0.0,1,1
93,92.0,2,-1
72,99.0,2,-1
0,0.0,2,1
0,0.0,0,1
0,0.0,2,1
0,0.0,0,1
0,0.0,2,1
0,0.0,0,1
0,0.0,0,1
21,0.0,0,1
17,16.0,0,1
0,0.0,1,1
0,0.0,1,1
41,11.0,1,1
3,31.0,2,1
0,0.0,0,1
13,24.0,1,1
22,28.0,1,1
32,39.0,1,1
0,0.0,1,1
14,10.0,0,1
0,0.0,1,1
0,0.0,0,1
29,34.0,2,1
4,35.0,1,1
42,26.0,2,1
0,0.0,2,1
39,34.0,2,1
48,40.0,1,1
32,22.0,1,1
61,42.0,1,1
2,5.0,1,1
0,0.0,2,1
57,0.0,1,1
22,20.0,2,1
55,31.0,3,1
0,0.0,1,1
37,12.0,2,1
66,63.0,1,-1
14,17.0,4,1
7,30.0,4,1
0,0.0,0,1
43,11.0,1,1
15,26.0,1,1
0,0.0,3,1
12,37.0,1,1
28,46.0,0,1
47,13.0,3,1
24,0.0,0,1
44,0.0,1,1
0,0.0,2,1
14,0.0,2,1
0,0.0,1,1
0,0.0,1,1
5,1.0,2,1
0,0.0,2,1
11,1.0,1,1
3,0.0,1,1
0,0.0,0,1
0,0.0,1,1
0,0.0,1,1
22,0.0,0,1
0,0.0,1,1
0,0.0,1,1
14,0.0,0,1
0,0.0,1,1
0,0.0,2,1
0,0.0,0,1
0,31.0,0,1
0,25.0,1,1
17,26.0,2,1
0,36.0,2,1
1,16.0,1,1
31,24.0,1,1
0,40.0,1,1
0,0.0,1,1
0,34.0,2,1
0,0.0,2,1
0,0.0,2,1
2,0.0,1,1
0,0.0,3,1
0,0.0,1,1
0,0.0,3,1
0,0.0,2,1
0,0.0,2,1
5,0.0,4,1
0,0.0,0,1
0,0.0,1,1
0,5.0,2,1
0,18.0,0,1
24,0.0,2,1
13,49.0,4,1
37,7.0,1,1
47,47.0,1,1
24,31.0,3,1
0,0.0,3,1
0,0.0,3,1
3,0.0,0,1
0,0.0,1,1
0,0.0,3,1
0,49.0,3,1
0,0.0,1,1
0,19.0,1,1
48,20.0,2,1
29,0.0,1,1
42,26.0,0,1
0,42.0,1,1
38,0.0,1,1
0,0.0,2,1
0,0.0,1,1
0,0.0,1,1
0,29.0,1,1
0,24.0,2,1
48,0.0,0,1
0,0.0,2,1
0,2.0,1,1
36,0.0,1,1
30,0.0,0,1
0,11.0,3,1
47,0.0,2,1
0,0.0,2,1
30,11.0,1,1
0,0.0,1,1
47,36.0,1,1
19,27.0,1,1
16,24.0,1,1
4,29.0,1,1
0,18.0,0,1
0,14.0,2,1
59,9.0,0,1
27,27.0,2,1
55,14.0,2,1
79,20.0,2,1
72,11.0,2,1
65,30.0,2,1
46,2.0,3,1
34,30.0,2,1
23,21.0,0,1
73,0.0,2,1
65,35.0,1,1
78,35.0,0,1
51,22.0,2,1
33,17.0,5,1
39,4.0,2,1
40,48.0,0,1
68,19.0,0,1
43,35.0,1,1
24,38.0,0,1
3,5.0,1,1
56,56.0,2,-1
19,25.0,1,1
9,12.0,1,1
0,0.0,1,1
62,49.0,0,1
46,49.0,2,1
40,37.0,2,1
54,3.0,3,1
40,12.0,0,1
73,52.0,1,1
30,23.0,2,1
40,45.0,1,1
53,29.0,2,1
53,27.0,0,1
34,29.0,0,1
52,35.0,1,1
47,53.0,0,1
69,11.0,1,1
45,47.0,0,1
66,38.0,1,1
77,27.0,0,1
55,15.0,3,1
61,37.0,1,1
48,44.0,0,1
79,53.0,2,1
53,0.0,2,1
71,39.0,1,1
61,37.0,1,1
23,13.0,0,1
26,30.0,1,1
49,44.0,0,1
43,63.0,1,1
31,15.0,1,1
37,61.0,2,1
50,30.0,4,1
16,72.0,1,1
21,43.0,0,1
45,25.0,0,1
12,43.0,1,1
35,10.0,2,1
65,16.0,0,1
60,44.0,1,1
14,49.0,1,1
51,11.0,1,1
50,12.0,5,1
63,51.0,1,1
29,23.0,2,1
72,29.0,2,1
55,16.0,1,1
3,54.0,1,1
15,21.0,2,-1
75,74.0,1,1
73,40.0,0,1
15,36.0,1,1
22,26.0,1,1
54,15.0,2,1
44,19.0,1,1
30,0.0,1,1
13,65.0,0,1
28,23.0,0,1
32,29.0,1,1
71,26.0,1,1
24,1.0,0,1
23,47.0,0,1
9,53.0,2,1
64,70.0,0,1
36,49.0,2,1
47,34.0,0,1
12,67.0,2,1
0,0.0,2,1
65,42.0,1,1
15,35.0,3,1
4,11.0,3,1
0,0.0,1,1
25,72.0,1,1
33,12.0,2,1
37,27.0,1,1
36,70.0,2,1
38,0.0,0,1
63,41.0,4,1
39,0.0,2,1
29,73.0,1,1
26,0.0,1,1
38,6.0,3,1
61,0.0,1,1
62,14.0,5,1
33,66.0,0,1
47,0.0,3,1
0,6.0,4,1
0,0.0,0,1
0,0.0,1,1
57,22.0,1,1
23,0.0,1,1
24,30.0,1,1
72,42.0,3,1
0,48.0,1,1
19,2.0,1,1
0,0.0,0,1
3,25.0,2,1
50,13.0,1,1
22,6.0,2,1
27,29.0,2,1
8,44.0,1,1
2,19.0,2,1
38,50.0,0,1
24,28.0,0,1
37,20.0,1,1
34,16.0,4,1
0,0.0,3,1
0,0.0,0,1
28,23.0,1,1
0,38.0,1,1
42,46.0,3,1
3,44.0,0,1
9,20.0,6,1
23,22.0,4,1
10,19.0,1,1
46,18.0,2,1
44,8.0,2,1
40,6.0,3,1
45,41.0,4,1
2,45.0,0,1
7,35.0,1,1
33,34.0,0,1
11,37.0,1,1
96,93.0,10,-1
0,0.0,0,1
0,0.0,0,1
0,0.0,3,1
0,0.0,4,1
0,0.0,2,1
0,0.0,3,1
0,0.0,2,1
0,0.0,1,1
9,16.0,3,1
0,0.0,0,1
0,0.0,2,1
0,0.0,1,1
0,0.0,1,1
0,0.0,3,1
53,48.0,3,1
12,2.0,0,1
0,0.0,1,1
0,0.0,2,1
68,41.0,3,1
0,0.0,1,1
0,26.0,1,1
34,0.0,2,1
5,0.0,0,1
0,6.0,1,1
71,65.0,7,-1
0,0.0,4,1
11,0.0,4,1
9,0.0,5,1
0,0.0,1,1
0,0.0,1,1
0,0.0,1,1
0,16.0,2,1
1,1.0,2,1
0,0.0,0,1
14,0.0,0,1
0,0.0,1,1
0,0.0,1,1
0,46.0,2,1
0,20.0,0,1
0,0.0,0,1
0,0.0,1,1
0,0.0,2,1
62,67.0,2,-1
70,90.0,10,-1
67,62.0,10,-1
0,0.0,1,1
36,5.0,1,1
86,93.0,4,-1
70,83.0,8,-1
63,89.0,1,-1
61,64.0,5,-1
38,33.0,2,-1
86,81.0,1,-1
77,78.0,3,-1
0,0.0,5,1
49,10.0,0,1
0,0.0,2,1
0,0.0,3,1
90,62.0,4,-1
0,0.0,1,1
3,43.0,3,1
94,95.0,3,-1
40,0.0,1,1
3,6.0,2,1
69,64.0,0,-1
29,12.0,0,1
52,45.0,2,1
22,35.0,0,1
22,8.0,0,1
49,6.0,0,1
33,30.0,2,1
5,45.0,1,1
32,33.0,1,1
7,4.0,1,1
77,21.0,1,1
79,10.0,0,1
47,49.0,1,1
25,49.0,3,1
10,49.0,0,1
55,70.0,1,-1
15,40.0,3,-1
21,27.0,8,-1
23,14.0,8,-1
5,36.0,1,1
29,41.0,1,1
75,66.0,1,-1
69,14.0,1,1
8,49.0,1,1
14,7.0,1,1
68,7.0,0,1
9,2.0,1,1
66,73.0,0,-1
3,30.0,1,1
62,19.0,1,1
22,32.0,2,1
28,1.0,0,1
61,55.0,1,-1
2,27.0,1,1
62,55.0,1,-1
13,20.0,1,1
39,34.0,0,-1
6,3.0,1,1
24,12.0,0,1
55,63.0,0,-1
46,3.0,1,1
69,76.0,1,-1
21,24.0,0,1
44,37.0,2,1
53,21.0,1,1
6,35.0,0,1
10,33.0,1,1
26,11.0,1,1
32,34.0,0,1
76,1.0,2,1
19,35.0,1,1
2,41.0,0,-1
4,11.0,0,1
76,97.0,4,-1
19,50.0,0,1
53,5.0,1,1
64,14.0,0,1
22,14.0,0,-1
66,6.0,0,1
25,21.0,1,1
47,13.0,1,1
61,5.0,6,1
15,49.0,1,1
23,28.0,4,1
15,25.0,1,1
35,23.0,1,1
50,5.0,2,1
35,34.0,0,1
13,21.0,0,1
67,63.0,1,-1
16,34.0,0,1
51,53.0,0,-1
44,34.0,1,1
21,14.0,1,1
21,36.0,6,1
68,22.0,1,1
12,24.0,0,1
45,25.0,0,1
46,46.0,1,1
21,12.0,1,1
42,24.0,3,1
4,24.0,2,-1
59,81.0,0,-1
27,43.0,2,1
14,23.0,1,1
11,22.0,0,1
27,15.0,0,1
36,23.0,1,1
58,32.0,1,1
80,50.0,2,-1
69,15.0,0,1
79,87.0,1,-1
50,92.0,1,1
41,8.0,0,1
51,0.0,1,1
42,0.0,1,1
0,0.0,2,1
33,30.0,1,1
21,0.0,1,1
108,22.0,0,-1
41,5.0,1,1
76,104.0,2,-1
29,0.0,1,1
0,0.0,0,1
13,26.0,0,1
15,43.0,2,1
101,64.0,1,-1
78,25.0,0,1
0,0.0,1,1
76,33.0,0,1
0,0.0,0,1
0,0.0,2,1
69,30.0,1,1
83,23.0,2,1
5,0.0,1,1
5,31.0,2,1
0,0.0,1,1
78,35.0,1,1
27,0.0,5,1
82,36.0,1,1
0,0.0,0,1
41,8.0,2,1
3,0.0,1,1
0,0.0,2,1
110,104.0,4,-1
0,0.0,0,1
0,0.0,2,1
3,31.0,1,1
4,30.0,2,1
0,0.0,3,1
19,0.0,2,1
60,39.0,1,1
87,86.0,2,-1
99,110.0,0,-1
0,0.0,2,1
7,40.0,1,1
0,0.0,1,1
66,88.0,2,-1
0,0.0,3,1
55,0.0,3,-1
0,0.0,1,1
0,0.0,0,1
102,63.0,3,-1
73,52.0,5,-1
58,0.0,4,1
0,0.0,0,1
0,0.0,3,1
0,0.0,0,1
83,79.0,4,-1
80,98.0,8,-1
69,76.0,4,-1
1,0.0,0,1
6,0.0,1,1
50,100.0,10,-1
47,8.0,1,1
0,0.0,0,1
1,0.0,4,-1
103,70.0,8,-1
31,4.0,0,1
0,0.0,2,1
10,40.0,2,1
53,39.0,0,1
0,0.0,2,1
0,0.0,3,1
0,0.0,1,1
42,23.0,3,1
0,33.0,1,1
106,83.0,8,-1
87,107.0,8,-1
0,14.0,2,1
79,90.0,4,-1
0,6.0,1,1
110,75.0,2,-1
0,0.0,1,1
0,42.0,0,1
32,0.0,1,1
0,41.0,1,1
48,0.0,1,1
91,67.0,3,-1
0,0.0,1,1
88,105.0,4,-1
14,44.0,1,1
31,19.0,1,1
106,76.0,7,-1
110,78.0,3,-1
98,50.0,7,-1
28,11.0,2,1
107,87.0,3,-1
60,69.0,10,-1
22,15.0,0,1
7,13.0,1,1
40,25.0,2,1
89,99.0,4,-1
62,62.0,5,-1
54,108.0,8,-1
0,0.0,1,1
57,58.0,7,-1
0,0.0,2,1
71,82.0,5,-1
0,0.0,2,1
83,82.0,1,-1
60,27.0,2,1
13,32.0,6,1
66,41.0,7,-1
16,2.0,4,1
39,34.0,2,1
18,25.0,1,1
14,23.0,3,1
33,31.0,2,1
12,42.0,4,1
39,35.0,3,1
14,5.0,2,1
46,1.0,1,1
24,4.0,4,1
32,15.0,1,1
50,85.0,3,-1
18,43.0,1,1
5,24.0,1,1
30,27.0,1,1
37,29.0,2,1
95,42.0,3,-1
37,1.0,3,1
35,19.0,2,1
9,44.0,2,1
41,8.0,2,1
18,12.0,2,1
43,13.0,1,1
29,17.0,3,1
7,11.0,5,1
36,39.0,2,1
42,42.0,4,1
6,8.0,5,1
44,16.0,1,1
28,12.0,6,1
95,52.0,4,-1
18,10.0,1,1
51,62.0,3,-1
23,3.0,1,1
12,45.0,1,1
24,20.0,4,1
34,2.0,4,1
46,52.0,4,-1
18,16.0,6,1
41,18.0,4,1
32,29.0,3,1
27,38.0,1,1
7,25.0,1,1
32,13.0,2,1
23,43.0,3,1
35,3.0,0,1
33,27.0,4,1
11,47.0,1,1
18,6.0,3,1
27,17.0,5,1
30,85.0,3,-1
8,34.0,2,1
24,17.0,1,1
33,26.0,2,1
41,1.0,4,1
34,24.0,1,1
0,42.0,3,1
30,11.0,2,1
13,23.0,3,1
24,22.0,0,1
27,41.0,2,1
16,3.0,6,1
44,23.0,2,1
11,5.0,1,1
19,27.0,2,1
8,38.0,0,1
11,44.0,2,1
42,37.0,4,1
34,20.0,4,1
30,22.0,1,1
18,34.0,2,1
45,1.0,2,1
3,30.0,4,1
12,45.0,2,1
14,16.0,3,1
35,44.0,1,1
35,47.0,4,1
21,62.0,0,-1
33,46.0,3,1
17,47.0,6,1
7,38.0,2,1
10,9.0,4,1
22,4.0,2,1
29,26.0,0,1
38,11.0,1,1
31,28.0,1,1
17,13.0,1,1
15,9.0,2,1
6,19.0,5,1
21,8.0,0,1
23,11.0,2,1
37,37.0,1,1
35,22.0,0,1
23,40.0,1,1
17,27.0,0,1
0,21.0,0,1
22,15.0,0,1
13,33.0,1,1
0,27.0,1,1
85,13.0,1,-1
33,26.0,0,1
10,25.0,2,1
31,10.0,0,1
13,11.0,1,1
10,6.0,5,1
23,74.0,0,1
25,10.0,0,1
7,0.0,1,1
30,39.0,1,1
0,0.0,1,1
22,18.0,0,1
35,8.0,1,1
22,49.0,0,1
25,23.0,1,1
6,11.0,0,1
36,22.0,1,1
0,0.0,0,1
8,16.0,0,1
18,36.0,1,1
29,20.0,2,1
40,24.0,2,1
0,33.0,1,1
75,45.0,3,-1
6,45.0,0,1
0,0.0,1,1
0,0.0,0,1
23,39.0,1,1
11,22.0,2,1
0,0.0,1,1
5,31.0,0,1
0,0.0,0,1
28,36.0,1,1
0,0.0,2,1
0,0.0,1,1
36,33.0,1,1
35,10.0,1,1
38,9.0,1,1
14,23.0,0,1
4,9.0,0,1
40,37.0,0,1
0,0.0,1,1
1,46.0,2,1
56,47.0,2,1
4,44.0,1,1
15,65.0,2,1
11,58.0,2,1
50,66.0,2,1
6,41.0,1,1
37,80.0,2,1
4,20.0,1,1
46,65.0,1,1
23,43.0,2,1
17,63.0,2,1
32,42.0,1,1
50,48.0,2,1
58,72.0,0,-1
71,79.0,1,-1
88,66.0,2,-1
82,66.0,1,-1
10,17.0,1,1
33,3.0,2,1
42,48.0,2,1
56,64.0,6,-1
34,6.0,0,1
58,41.0,2,1
39,2.0,1,1
56,77.0,0,-1
13,4.0,0,1
59,74.0,0,-1
33,1.0,1,1
57,71.0,0,-1
16,3.0,0,1
56,66.0,1,-1
16,48.0,0,1
28,2.0,2,1
56,58.0,2,-1
14,48.0,0,1
16,17.0,3,1
26,12.0,1,1
51,58.0,1,-1
17,21.0,0,1
41,7.0,0,1
54,55.0,1,-1
41,48.0,2,1
10,2.0,2,1
23,8.0,2,1
66,42.0,1,1
17,17.0,2,1
45,6.0,1,1
72,7.0,1,1
57,4.0,6,1
42,38.0,0,1
71,32.0,1,1
65,52.0,3,-1
79,51.0,1,-1
49,34.0,1,1
61,13.0,0,1
78,58.0,1,-1
76,23.0,1,1
63,42.0,3,1
74,31.0,7,1
58,50.0,1,1
60,12.0,1,1
76,29.0,1,1
58,15.0,1,-1
57,21.0,1,1
61,14.0,1,-1
50,45.0,1,-1
16,51.0,1,-1
43,49.0,4,-1
41,23.0,1,1
56,16.0,2,1
71,14.0,1,1
75,36.0,2,1
42,23.0,1,1
63,43.0,1,-1
43,49.0,1,1
62,55.0,1,-1
61,28.0,4,1
79,59.0,1,-1
69,33.0,1,1
42,20.0,1,1
67,56.0,8,-1
50,25.0,1,-1
61,30.0,5,1
51,23.0,1,-1
67,41.0,2,-1
79,47.0,1,1
77,31.0,1,1
74,46.0,2,1
0,30.0,1,1
60,5.0,0,1
61,17.0,2,1
55,14.0,1,1
0,9.0,2,1
62,39.0,1,1
0,26.0,4,1
50,52.0,1,-1
26,0.0,1,1
0,0.0,2,1
0,0.0,3,1
20,0.0,1,1
33,0.0,4,1
37,0.0,0,1
42,0.0,2,1
1,0.0,6,1
0,0.0,4,1
0,0.0,1,1
0,0.0,2,1
0,0.0,1,1
0,0.0,0,1
0,0.0,1,1
16,21.0,1,1
0,0.0,1,1
0,0.0,1,1
0,0.0,1,1
0,0.0,2,1
36,8.0,0,1
15,36.0,3,1
2,0.0,0,1
0,1.0,0,1
27,20.0,2,1
0,0.0,1,1
13,0.0,3,1
0,0.0,0,1
22,0.0,1,1
14,29.0,1,1
0,0.0,1,1
0,0.0,1,1
79,84.0,1,-1
0,0.0,1,1
2,0.0,1,1
0,0.0,5,1
0,0.0,3,1
0,0.0,1,1
0,0.0,2,1
0,0.0,3,1
0,0.0,0,1
0,0.0,0,1
0,0.0,1,1
0,0.0,1,1
0,0.0,2,1
0,0.0,1,1
0,0.0,2,1
0,0.0,2,1
0,0.0,1,1
0,0.0,1,1
25,29.0,2,1
40,39.0,3,1
0,0.0,2,1
0,0.0,2,1
11,41.0,2,1
5,0.0,2,1
44,6.0,1,1
0,0.0,1,1
0,0.0,1,1
10,39.0,2,1
4,0.0,0,1
1,0.0,3,1
16,17.0,1,1
0,1.0,3,1
11,1.0,2,1
40,33.0,2,1
24,5.0,0,1
39,32.0,1,1
0,0.0,1,1
19,27.0,0,1
6,44.0,1,1
0,0.0,1,1
0,0.0,1,1
12,7.0,1,1
22,39.0,1,1
31,20.0,3,1
0,0.0,2,1
41,32.0,1,1
21,35.0,1,1
33,41.0,1,1
3,23.0,1,1
0,0.0,0,1
0,0.0,1,1
6,11.0,2,1
55,38.0,1,1
0,0.0,1,1
6,49.0,2,1
67,63.0,3,-1
2,15.0,2,1
56,62.0,2,-1
28,12.0,1,1
15,2.0,3,1
58,8.0,2,1
70,51.0,1,-1
44,38.0,2,1
54,20.0,3,1
11,43.0,2,1
0,0.0,2,1
0,0.0,2,1
0,0.0,3,1
46,28.0,2,1
52,13.0,0,1
0,0.0,1,1
28,0.0,1,1
6,0.0,2,1
32,0.0,0,1
0,0.0,2,1
0,0.0,0,1
0,0.0,2,1
0,0.0,1,1
0,0.0,1,1
21,0.0,1,1
13,0.0,1,1
9,0.0,0,1
0,0.0,0,1
0,0.0,0,1
0,0.0,1,1
0,0.0,1,1
0,0.0,1,1
0,0.0,1,1
0,0.0,3,1
0,0.0,2,1
0,0.0,1,1
0,0.0,3,1
41,0.0,1,1
2,0.0,0,1
0,0.0,2,1
0,0.0,1,1
0,41.0,1,1
0,6.0,3,1
0,9.0,1,1
0,26.0,1,1
12,43.0,1,1
0,32.0,1,1
0,45.0,2,1
0,0.0,0,1
0,0.0,1,1
0,0.0,1,1
0,0.0,1,1
44,44.0,1,1
5,0.0,1,1
10,21.0,0,1
14,1.0,3,1
4,0.0,3,1
0,0.0,1,1
1,14.0,2,1
40,30.0,1,1
0,0.0,2,1
0,0.0,1,1
0,0.0,1,1
0,9.0,3,1
0,0.0,0,1
15,0.0,1,1
0,27.0,0,1
17,0.0,1,1
0,44.0,1,1
0,38.0,2,1
35,0.0,1,1
26,46.0,2,1
34,38.0,1,1
5,1.0,2,1
0,16.0,1,1
2,35.0,1,1
0,0.0,1,1
10,0.0,2,1
21,33.0,2,1
0,28.0,1,1
0,0.0,1,1
0,35.0,2,1
0,0.0,3,1
0,40.0,2,1
0,0.0,3,1
0,16.0,2,1
35,0.0,1,1
0,33.0,2,1
0,0.0,1,1
0,0.0,3,1
33,0.0,2,1
8,0.0,1,1
37,0.0,2,1
0,1.0,2,1
0,0.0,2,1
47,0.0,1,1
14,0.0,1,1
3,0.0,4,1
32,0.0,2,1
53,45.0,3,1
61,3.0,1,1
74,46.0,4,-1
57,24.0,0,1
18,23.0,1,1
30,27.0,1,1
63,54.0,1,1
25,15.0,0,1
57,4.0,0,1
51,55.0,2,1
62,45.0,2,1
40,9.0,1,1
31,31.0,1,1
50,2.0,1,1
64,32.0,3,1
68,52.0,1,1
49,11.0,3,1
58,70.0,2,-1
85,39.0,1,1
23,17.0,2,1
51,14.0,1,1
83,38.0,1,1
38,14.0,1,1
30,26.0,1,1
40,26.0,1,1
25,34.0,2,1
74,47.0,2,-1
54,24.0,1,1
39,48.0,3,1
27,9.0,1,1
79,34.0,1,1
23,53.0,3,1
27,40.0,1,1
30,28.0,1,1
68,29.0,2,1
68,37.0,4,1
69,46.0,1,1
63,20.0,1,1
58,12.0,2,1
57,15.0,2,1
38,20.0,2,1
61,19.0,3,1
63,17.0,1,1
25,51.0,7,1
50,2.0,1,1
73,49.0,1,1
78,20.0,1,1
81,8.0,1,1
53,10.0,2,1
46,18.0,3,1
61,40.0,1,1
26,13.0,1,1
3,44.0,0,1
12,0.0,1,1
14,37.0,3,1
46,34.0,2,1
45,31.0,2,1
41,10.0,3,1
46,49.0,1,1
27,0.0,1,1
67,20.0,1,1
52,70.0,1,1
54,0.0,1,1
55,74.0,2,1
75,69.0,1,1
0,69.0,1,1
8,37.0,1,1
6,61.0,2,1
49,56.0,1,1
46,74.0,1,1
75,63.0,1,1
22,14.0,1,1
33,0.0,3,1
21,48.0,1,1
37,23.0,1,1
53,18.0,0,1
41,70.0,0,1
36,73.0,0,1
9,62.0,1,1
46,1.0,0,1
41,60.0,2,-1
39,46.0,1,1
62,47.0,1,1
11,71.0,2,1
51,61.0,1,1
33,69.0,1,1
25,10.0,1,1
34,46.0,1,1
52,25.0,1,1
48,16.0,1,1
51,34.0,1,1
47,1.0,2,1
16,28.0,1,1
74,73.0,3,1
46,52.0,8,1
17,70.0,1,1
54,52.0,3,1
10,4.0,1,1
16,52.0,1,1
2,75.0,1,1
24,29.0,2,1
64,40.0,1,1
55,61.0,3,1
36,5.0,3,1
35,64.0,1,1
53,5.0,1,1
15,26.0,1,1
7,70.0,1,1
61,29.0,1,1
20,29.0,2,1
42,8.0,1,1
16,45.0,1,1
63,47.0,2,1
44,33.0,1,1
26,47.0,1,1
39,12.0,3,1
32,57.0,1,1
0,0.0,4,1
0,7.0,0,1
0,35.0,0,1
0,0.0,2,1
0,36.0,1,1
0,1.0,3,1
18,27.0,3,-1
41,64.0,1,1
0,0.0,1,1
0,0.0,0,1
0,0.0,1,1
41,0.0,0,1
50,0.0,2,1
37,0.0,2,1
0,0.0,2,1
21,0.0,4,1
0,23.0,0,1
7,8.0,0,1
10,47.0,0,1
0,0.0,0,1
43,47.0,1,1
38,0.0,1,1
12,18.0,1,1
47,5.0,1,1
2,0.0,2,1
0,0.0,6,1
0,0.0,1,1
0,0.0,1,1
1,0.0,1,1
1,0.0,1,1
0,0.0,2,1
0,0.0,4,1
0,0.0,1,1
2,15.0,3,1
63,19.0,1,1
65,57.0,1,-1
8,46.0,4,1
45,50.0,2,1
13,8.0,2,1
0,0.0,3,1
0,0.0,1,1
0,0.0,1,1
0,0.0,1,1
0,0.0,1,1
0,0.0,1,1
0,0.0,0,1
0,0.0,2,1
0,3.0,3,1
0,0.0,1,1
2,0.0,1,1
0,0.0,0,1
0,13.0,1,1
0,0.0,0,1
0,0.0,2,1
8,0.0,0,1
0,35.0,1,1
31,0.0,0,1
0,0.0,1,1
0,0.0,5,1
0,0.0,1,1
1,19.0,3,1
0,0.0,1,1
97,78.0,6,-1
85,87.0,5,-1
0,0.0,0,1
0,0.0,1,1
0,0.0,1,1
74,98.0,4,-1
4,0.0,1,1
64,67.0,7,-1
62,90.0,5,-1
32,46.0,2,1
75,82.0,5,-1
14,7.0,2,1
6,45.0,2,1
0,0.0,1,1
18,27.0,1,1
0,0.0,1,1
78,97.0,9,-1
66,77.0,1,-1
0,0.0,0,1
0,0.0,0,1
19,19.0,1,-1
32,10.0,10,-1
13,8.0,3,1
8,34.0,2,1
20,12.0,9,-1
34,23.0,0,-1
1,17.0,0,1
12,34.0,4,-1
22,1.0,1,1
41,35.0,5,1
4,38.0,0,1
51,78.0,1,-1
75,88.0,2,-1
38,37.0,0,1
33,1.0,2,1
10,26.0,1,1
66,44.0,0,1
5,49.0,2,1
21,13.0,4,1
60,45.0,1,1
75,61.0,2,-1
13,2.0,0,1
20,30.0,0,1
63,42.0,0,-1
10,9.0,0,1
57,28.0,3,1
31,2.0,0,1
57,53.0,1,-1
49,38.0,0,1
33,3.0,0,1
33,46.0,0,1
74,10.0,0,1
27,30.0,1,1
78,52.0,1,-1
2,50.0,1,1
62,4.0,0,1
22,41.0,4,1
76,52.0,3,-1
57,67.0,0,-1
54,65.0,0,-1
62,47.0,1,-1
4,1.0,3,1
65,63.0,0,-1
21,35.0,2,1
3,33.0,1,1
18,33.0,1,1
57,34.0,0,1
78,52.0,1,-1
67,56.0,3,-1
22,3.0,0,1
70,42.0,0,-1
21,22.0,0,1
60,2.0,1,1
4,39.0,2,1
56,35.0,0,-1
61,75.0,1,-1
23,42.0,1,1
47,40.0,0,1
36,35.0,0,1
50,50.0,1,1
19,30.0,0,1
76,52.0,1,-1
75,57.0,0,-1
3,11.0,1,1
13,13.0,1,1
40,33.0,0,1
65,31.0,1,-1
48,45.0,1,-1
12,62.0,0,-1
11,27.0,0,1
30,32.0,2,1
66,75.0,1,-1
67,39.0,0,1
11,10.0,0,1
14,23.0,0,1
62,39.0,1,1
68,22.0,2,1
11,32.0,0,1
71,41.0,0,-1
33,31.0,1,1
2,46.0,1,1
43,138.0,2,1
21,30.0,5,1
52,4.0,1,1
43,37.0,0,1
52,67.0,1,-1
72,109.0,0,-1
27,39.0,0,1
76,83.0,1,-1
41,23.0,0,1
16,0.0,0,1
18,50.0,0,1
26,14.0,0,1
75,58.0,1,-1
75,77.0,0,-1
0,27.0,1,1
74,55.0,1,-1
38,36.0,0,-1
68,49.0,0,-1
87,28.0,0,1
59,39.0,2,1
48,22.0,2,1
57,87.0,0,-1
49,31.0,1,1
62,90.0,1,-1
80,41.0,1,-1
20,29.0,2,1
12,1.0,1,1
117,29.0,0,1
59,0.0,1,1
0,0.0,1,1
43,0.0,0,1
36,0.0,4,1
10,0.0,2,1
0,0.0,1,1
0,0.0,4,1
0,0.0,1,1
0,0.0,5,1
61,56.0,1,-1
0,0.0,2,1
0,0.0,5,1
75,88.0,2,-1
94,92.0,6,-1
0,0.0,0,1
0,0.0,2,1
68,91.0,1,-1
0,0.0,1,1
0,0.0,1,1
0,0.0,1,1
0,0.0,1,1
45,41.0,5,1
0,0.0,0,1
0,0.0,0,1
32,38.0,1,1
67,73.0,1,-1
0,0.0,0,1
0,0.0,0,1
82,101.0,7,-1
55,109.0,1,-1
13,0.0,1,1
33,9.0,3,1
53,0.0,2,1
0,0.0,3,1
6,1.0,0,1
42,9.0,2,1
85,67.0,2,-1
62,102.0,1,-1
71,81.0,0,-1
0,0.0,1,1
45,0.0,1,-1
65,89.0,6,-1
0,0.0,6,1
0,0.0,1,1
0,0.0,1,1
0,0.0,1,1
0,0.0,0,1
6,2.0,1,1
21,9.0,1,1
66,82.0,4,-1
71,54.0,4,-1
60,60.0,4,-1
0,0.0,4,1
3,6.0,3,1
0,0.0,0,1
33,19.0,1,1
28,7.0,0,1
9,30.0,1,1
0,0.0,4,1
4,46.0,1,1
0,0.0,2,1
87,92.0,7,-1
107,77.0,1,-1
68,78.0,7,-1
9,0.0,0,1
97,97.0,5,-1
0,44.0,1,1
41,0.0,1,1
40,0.0,0,1
0,0.0,1,1
104,87.0,9,-1
95,66.0,8,-1
30,2.0,3,1
53,4.0,1,1
108,54.0,4,-1
0,0.0,2,1
0,0.0,1,1
51,58.0,5,-1
96,96.0,9,-1
28,31.0,1,1
23,48.0,0,1
100,60.0,8,-1
51,63.0,4,-1
9,27.0,1,1
2,26.0,1,1
81,103.0,1,-1
60,53.0,0,1
59,49.0,2,1
86,102.0,4,-1
39,7.0,0,1
0,0.0,1,1
88,77.0,8,-1
66,95.0,3,-1
24,3.0,1,1
36,29.0,1,1
60,100.0,3,-1
34,6.0,0,1
21,0.0,1,1
8,14.0,1,1
38,30.0,2,1
4,45.0,2,1
72,55.0,2,-1
26,26.0,4,1
14,34.0,2,1
22,32.0,3,1
20,34.0,1,1
2,13.0,6,1
37,27.0,2,1
29,0.0,2,1
23,2.0,3,1
7,45.0,2,1
1,23.0,1,1
40,27.0,5,1
2,4.0,4,1
42,1.0,3,1
20,34.0,2,1
18,34.0,2,1
30,1.0,2,1
38,44.0,1,1
1,22.0,2,1
30,39.0,4,1
37,39.0,2,1
90,75.0,3,-1
20,15.0,8,1
37,36.0,2,1
32,9.0,4,1
5,23.0,1,1
62,41.0,3,-1
6,44.0,0,1
17,23.0,3,1
21,36.0,1,1
20,17.0,4,1
35,45.0,1,1
10,35.0,1,1
1,22.0,6,1
17,25.0,5,1
6,3.0,3,1
23,10.0,2,1
13,25.0,3,1
22,14.0,4,1
6,8.0,3,1
12,45.0,1,1
52,68.0,6,-1
12,43.0,1,1
30,2.0,0,1
25,4.0,2,1
14,24.0,2,1
6,41.0,2,1
4,16.0,2,1
26,24.0,3,1
46,5.0,2,1
7,66.0,1,-1
31,39.0,2,1
36,16.0,2,1
45,42.0,2,1
0,3.0,2,1
41,20.0,1,1
42,40.0,3,1
42,21.0,3,1
1,23.0,3,1
35,22.0,1,1
3,31.0,2,1
20,19.0,0,1
13,16.0,3,1
32,39.0,0,1
18,43.0,4,1
43,41.0,1,1
30,42.0,2,-1
34,45.0,2,1
31,4.0,2,1
25,36.0,2,1
11,43.0,4,1
37,25.0,2,1
14,36.0,2,1
37,45.0,4,1
4,18.0,2,1
30,32.0,3,1
42,65.0,2,-1
33,0.0,4,1
85,74.0,2,-1
36,1.0,3,1
43,21.0,2,1
25,11.0,1,1
62,75.0,2,-1
33,40.0,2,1
52,95.0,1,-1
37,11.0,2,1
12,10.0,2,1
30,2.0,1,1
3,29.0,1,1
15,13.0,1,1
44,43.0,0,1
38,38.0,0,1
17,24.0,1,1
22,42.0,0,1
24,28.0,0,1
72,45.0,0,-1
29,18.0,0,1
0,16.0,0,1
0,0.0,0,1
8,39.0,0,1
14,30.0,1,1
45,48.0,0,1
26,16.0,1,1
40,31.0,2,1
37,31.0,0,1
0,0.0,0,1
0,0.0,0,1
7,0.0,0,1
0,0.0,1,1
44,24.0,0,1
22,23.0,0,1
48,45.0,1,1
46,1.0,0,1
40,3.0,0,1
0,0.0,0,1
24,4.0,0,1
19,0.0,1,1
3,0.0,0,1
0,35.0,1,1
21,38.0,1,1
34,4.0,6,1
18,13.0,0,1
88,50.0,2,-1
32,36.0,1,1
6,23.0,0,1
1,13.0,0,1
32,38.0,0,1
88,50.0,2,-1
55,65.0,2,-1
88,50.0,2,-1
59,61.0,1,-1
59,61.0,1,-1
29,28.0,0,1
59,61.0,1,-1
88,50.0,2,-1
59,61.0,1,-1
88,50.0,2,-1
59,61.0,1,-1
1,28.0,0,1
0,0.0,0,1
88,50.0,2,-1
59,61.0,1,-1
59,61.0,1,-1
88,24.0,2,-1
59,61.0,1,-1
59,61.0,1,-1
0,0.0,1,1
0,0.0,1,1
21,16.0,0,1
16,40.0,2,1
0,0.0,0,1
0,0.0,1,1
0,0.0,0,1
0,0.0,1,1
60,55.0,3,-1
78,56.0,3,-1
60,55.0,3,-1
0,0.0,2,1
0,16.0,1,1
0,0.0,0,1
78,56.0,3,-1
78,56.0,3,-1
78,56.0,3,-1
78,56.0,3,-1
78,56.0,3,-1
78,56.0,3,-1
78,56.0,3,-1
60,55.0,3,-1
78,56.0,3,-1
78,56.0,4,-1
78,56.0,3,-1
60,55.0,3,-1
60,55.0,3,-1
78,56.0,3,-1
60,55.0,3,-1
10,0.0,1,1
45,22.0,4,1
78,56.0,3,-1
0,0.0,0,1
60,55.0,3,-1
